19088743
2673524512
1032992985
3687428754
2046897227
406365700
3060801469
1420269942
4074705711
2434174184
793642657
3448078426
1807546899
167015372
2821451141
1180919614
3835355383
2194823856
554292329
3208728098
1568196571
4222632340
2582100813
941569286
3596005055
1955473528
314942001
2969377770
1328846243
3983282012
2342750485
702218958
3356654727
1716123200
75591673
2730027442
1089495915
3743931684
2103400157
462868630
3117304399
1476772872
4131208641
2490677114
850145587
3504581356
1864049829
223518302
2877954071
1237422544
3891858313
2251326786
610795259
3265231028
1624699501
4279135270
2638603743
998072216
3652507985
2011976458
371444931
3025880700
1385349173
4039784942
2399253415
758721888
3413157657
1772626130
132094603
2786530372
1145998845
3800434614
2159903087
519371560
3173807329
1533275802
4187711571
2547180044
906648517
3561084286
1920552759
280021232
2934457001
1293925474
3948361243
2307829716
667298189
3321733958
1681202431
40670904
2695106673
1054575146
3709010915
2068479388
427947861
3082383630
1441852103
4096287872
2455756345
815224818
3469660587
1829129060
188597533
2843033302
1202501775
3856937544
2216406017
575874490
3230310259
1589778732
4244214501
2603682974
963151447
3617587216
1977055689
336524162
2990959931
1350428404
4004864173
2364332646
723801119
3378236888
1737705361
97173834
2751609603
1111078076
3765513845
2124982318
484450791
3138886560
1498355033
4152790802
2512259275
871727748
3526163517
1885631990
245100463
2899536232
1259004705
3913440474
2272908947
632377420
3286813189
1646281662
5750135
2660185904
1019654377
3674090146
2033558619
393027092
3047462861
1406931334
4061367103
2420835576
780304049
3434739818
1794208291
153676764
2808112533
1167581006
3822016775
2181485248
540953721
3195389490
1554857963
4209293732
2568762205
928230678
3582666447
1942134920
301603393
2956039162
1315507635
3969943404
2329411877
688880350
3343316119
1702784592
62253065
2716688834
1076157307
3730593076
2090061549
449530022
3103965791
1463434264
4117870033
2477338506
836806979
3491242748
1850711221
210179694
2864615463
1224083936
3878519705
2237988178
597456651
3251892420
1611360893
4265796662
2625265135
984733608
3639169377
1998637850
358106323
3012542092
1372010565
4026446334
2385914807
745383280
3399819049
1759287522
118755995
2773191764
1132660237
3787096006
2146564479
506032952
3160468721
1519937194
4174372963
2533841436
893309909
3547745678
1907214151
266682624
2921118393
1280586866
3935022635
2294491108
653959581
3308395350
1667863823
27332296
2681768065
1041236538
3695672307
2055140780
414609253
3069045022
1428513495
4082949264
2442417737
801886210
3456321979
1815790452
175258925
2829694694
1189163167
3843598936
2203067409
562535882
3216971651
1576440124
4230875893
2590344366
