2863311530
2863311530
2863311530
2863311530
2863311530
2863311530
2863311530
2863311530
2863311530
2863311530
2863311530
2863311530
2863311530
2863311530
2863311530
2863311530
2863311530
2863311530
2863311530
2863311530
2863311530
2863311530
2863311530
2863311530
2863311530
2863311530
2863311530
2863311530
2863311530
2863311530
2863311530
2863311530
2863311530
2863311530
2863311530
2863311530
2863311530
2863311530
2863311530
2863311530
2863311530
2863311530
2863311530
2863311530
2863311530
2863311530
2863311530
2863311530
2863311530
2863311530
2863311530
2863311530
2863311530
2863311530
2863311530
2863311530
2863311530
2863311530
2863311530
2863311530
2863311530
2863311530
2863311530
2863311530
2863311530
1431677610
1431655765
1431655765
1431655765
1431655765
1431655765
1431655765
1431655765
1431655765
1431655765
1431655765
1431655765
1431655765
1431655765
1431655765
1431655765
1431655765
1431655765
1431655765
1431655765
1431655765
1431655765
1431655765
1431655765
1431655765
1431655765
1431655765
1431655765
1431655765
1431655765
1431655765
1431655765
1431655765
1431655765
1431655765
1431655765
1431655765
1431655765
1431655765
1431655765
1431655765
1431655765
1431655765
1431655765
1431655765
1431655765
1431655765
1431655765
1431655765
1431655765
1431655765
1431655765
1431655765
1431655765
1431655765
1431655765
1431655765
1431655765
1431655765
1431655765
1431655765
1431655765
1431655765
