753680
1786456
-2822083
-3272705
2974484
-3043620
-1538352
2124921
-3936093
-3486474
3001880
479018
3292091
1787732
1730309
-1287483
2665
669875
-117195
-1917841
1767342
-2879124
1212307
-1125569
1390991
889079
-3582030
1825193
-1724142
457361
-844341
-24055
-2877133
-1450522
3666929
723157
3616995
-2992263
-2945980
3799149
3908208
902039
-3338456
2591059
2079993
-197225
-2097528
-3110407
-2866447
1320652
-1972200
2051835
2280694
2888775
3535711
3286528
854534
725450
-605553
-3424026
-1411543
-2097182
3768679
1961737
544800
-1198902
934301
-1228400
-3521829
-3030951
936723
-1013833
3453255
-1957376
-1984466
-3450726
-3547790
1811771
2441303
-2908133
1405741
3192589
3485789
-2891426
-3106604
-2944973
-438754
-446851
2269603
-1505386
-2677456
-2719932
3379804
1933519
586673
-1049727
-2231906
-2808594
4081987
273958
-3884333
-1004552
3899878
3154563
599576
-2711816
-3716180
-2647405
569907
974007
2690547
-1806909
-1497046
1878189
5799
72847
-1553079
2510619
-1881653
-3323563
3089636
2906597
3226680
764781
4172706
3476004
-77075
1110683
3149944
-2687093
2909471
-4164331
2421148
-1895705
-296963
2199615
2220944
882710
-2930859
73823
1374521
847493
-1140370
88498
755628
2659318
1172552
2135186
1262890
-3449544
-2905929
3668084
-2621496
-2178875
-2117127
-4191481
3041535
-3840791
-269333
3006659
419876
-2974648
-2891288
3028703
-2810770
830362
-4081390
2409193
-2579394
-1735628
-1028754
-2411599
2391473
1802819
-914942
575179
-575852
-934929
513570
2134126
-1057719
-3355751
-125033
3072123
-3272330
-989046
1518132
3904199
-3552015
-915777
-2765049
2295468
3863220
-3374448
-1363699
-2771861
2573291
-3598981
-3525833
3987166
-2416838
377931
4005377
-3636861
-3987433
-3525233
1809100
-619099
-518515
-3300809
-647349
2458164
2437591
3834564
2960913
620130
-1208222
-944081
-4163051
1901458
316155
2949049
1517340
-1551611
-4185103
-2861251
192171
463434
3576175
2981586
3589583
3279219
1896335
1023051
3314934
-4107086
286325
-1191163
-129223
-1226156
-3919047
-3281648
1754422
-910993
584763
-240497
717904
3376416
1021425
1379601
1493343
9950
3108562
1186997
-2314400
2606397
-3573188
2095751
-290293
2387608
851993
-3846917
-2685755
1006022
1706019
3367258
3068122
3072124
2930769
-1352050
3237089
2137743
-2657929
-970301
-2900170
-3878638
-429555
3669171
2599970
838357
636633
-2877290
2284870
-3931601
-3503904
-3657617
-325035
-1665764
4186759
-2580874
3089320
-308813
9293
1911371
-3636487
2338694
3946239
-1478548
-3796751
-3359988
-2037597
-1304416
-3184517
-2707586
-4121146
-2219092
-1566398
-640287
2807744
3815941
1102101
-3251901
3109052
-2154258
-1557706
4040935
512450
-2320103
1543424
1422272
3304925
2520105
2036082
1918581
-2236894
-581060
3517931
2702652
-2820771
-2151578
1071825
596229
-617113
1990264
3955402
631282
-4147422
3607432
-1436394
-3088466
-2447677
-1391413
1387184
-48681
1776656
-1581770
-251397
-1756050
-885859
-479440
-2927004
1878620
-2662064
-1913928
-3143673
-2565288
-1022384
1847118
2454499
-1285563
-2800103
228279
1658599
2924404
-3759216
-3549402
-2414588
-3324972
-2081339
-3774830
-2253908
-1770059
-572624
-3919579
2538497
-3280399
75616
3661669
-3137022
-3947399
547899
-2295858
-1134448
1960471
-2377153
-1667466
-3148958
-690546
-2630075
-2862397
204409
724201
-2126836
-202851
-415391
-3185976
-3894504
-1656149
-1495443
2520179
3595158
1576173
-2893504
-2461684
-168414
-954432
467206
-2819429
-1005311
471018
1504460
-4039246
3348728
1018758
2579150
-955220
-2319211
655137
2453655
-3341860
-3850864
-1654432
3627795
-2949037
-2592021
389464
-2147862
-3094532
3131600
-3293501
-1846651
2699600
-3071734
3701436
-1095462
-1751573
2391041
-1888552
-340126
3265813
1314078
-2252549
3341182
-3776295
1945368
-736050
609982
-498773
-4187472
1061896
-823040
-2353714
-595623
715028
-1729225
-1514260
1599573
-2531807
1408758
921051
-3088909
-514272
-169749
2991506
3610837
741771
-3744120
3585006
-974162
-121622
3848509
-720402
-1873202
1201667
-3828510
-1020008
-2659358
-1123881
3257086
1486669
-97823
-952965
-1418276
-2172196
-357865
1449442
1371211
3430523
-1987332
-149990
3496500
-2611213
-1102754
-702651
2352896
-102344
1633322
3586307
1518062
-2363255
-1725229
513686
-2144913
1103285
4182749
-1811968
-1799755
1921502
199294
-580753
-3632470
-1945966
3217857
353566
3838311
-4035781
-3869125
2711612
2532949
3409465
-2079356
3853856
-2254648
2087205
173081
732661
992496
-1415948
-2411618
3358496
-428900
1526406
3977375
-1042020
-220221
-561251
3916596
905323
1522634
3659664
3365564
-1230403
1762486
1661343
-746517
1547754
-254205
-3819506
4122256
-3634466
-1423990
1854887
1030593
-895492
1948486
-1338390
-583525
-2174957
2003888
-2442923
-1251014
-1215444
2766216
-3967862
-3071073
-3808628
-1830739
-422052
1426380
-1720552
-402043
2003129
4070644
-4082405
3642185
3823387
-2319425
2062636
2769470
-2476721
-554610
-804008
-2251471
-3474099
-1725879
-2541315
-70237
-2124299
1239331
2021125
1772966
1472921
3754066
-2263506
-3490737
272906
1877389
177883
-1054366
-2789104
-3028716
2783012
2014869
-3487705
-2217154
2041117
-2584750
-3467979
932842
3743092
-2085593
2065918
-3917264
2351139
3706107
-2523968
2217270
3851815
-3535775
-853203
74187
-532475
-1230985
-252964
1787319
2836511
989598
489962
3845346
-2080394
3681550
3869957
-86680
-1174179
3988821
145719
-2674742
1917614
765279
-3043186
1158893
-617033
1898341
-508030
2397613
-2937323
-3895974
3558110
578887
3469118
-467844
2885165
-3584078
2353788
368515
591953
1454739
-1213765
3177148
286794
-2352282
1039892
2563310
-2744938
-1828256
-1535439
-2973021
662651
-695864
-3913689
2809726
-10958
388967
-2928739
-3910680
1643696
-549155
2033286
4156314
-98483
1695488
-4093083
3745420
-3862057
-2792153
-3530862
9028
3402380
3962123
-2891904
-1416312
1042172
-3197213
3909400
2578629
557826
-1860789
-1217972
2095048
1738812
-3459534
-2434385
2815189
877568
3422851
1514827
1820560
1132723
3973095
1101590
2368840
2961618
-951904
2947257
-2109611
-3172192
-3978071
1663514
3782744
4028842
-3877495
3330091
148397
-3435642
2666950
1104351
-1873102
-2090016
2437802
1390767
1682645
2541900
-1854311
606443
-2581103
-34852
1897765
-230310
-1781154
-1624656
40687
2547160
-3586089
-2828562
3878529
834822
-1286080
3926544
-2428678
-3605008
-1828692
3557898
2236334
2261160
1840611
239461
-3784270
-14186
3313463
-2997944
-3723839
3013210
1475876
2466814
-3040057
-2417070
-1278536
2054044
3450423
992414
-1931314
-770808
-3124080
-1330763
-3746534
-3181989
-784603
3724913
-2255300
-2246310
2677517
-1729237
134505
2466581
-467520
3249050
-700228
-3007115
1783499
3110683
2826388
3859325
883028
1220370
-3016300
-3413737
-1781638
-4144624
-2706923
3245951
3297712
-4038010
3261969
947461
1221455
-437816
-1138338
3756097
3740591
-2197343
-2273150
954453
298414
824754
2563441
2534921
2572324
32407
-1563471
-3679846
2278714
-2869304
-1273720
-4192159
4082300
-1273864
4134683
2882025
-2331474
-1619766
2309182
-1390780
-3037898
-3674271
1259760
-2353327
2593065
2765731
-3506882
-3915489
409402
-847470
-3157992
4143794
3258707
-872483
-2047377
320044
-320611
2756368
3613510
620762
3262330
2701084
-2408720
877546
195168
531453
4032965
3858724
-351846
-2346904
-3332945
2155180
1357782
-2991588
-4111159
-2482223
880312
3480454
-1484629
-2397913
3303181
1659029
1916232
-3203876
-1013964
3363130
2908380
685595
-3416867
35546
971236
3737671
-593913
4076693
-1489056
-768448
-1444444
2111331
-799085
-4071486
4024054
3763575
-1496582
1516952
2410612
3476865
1062905
3898782
-3400416
-1585312
3908124
2615314
2202739
-212971
-2315483
-382742
-3966696
-1670641
933393
516561
-1497756
2991142
2943146
480719
1838851
-586800
-2578680
-1925621
3631309
602873
-2992669
2425929
663357
4038169
3593110
-2000692
-2355087
-4098793
586910
3828295
-334027
-2251631
17608
-79412
2120030
-615458
-1114155
-2159619
-1175613
-211023
-2365564
665798
-1988284
-967086
-3479928
-3318105
4069600
-202134
3866241
-2036801
-3410881
3385948
-549976
3366757
4115049
2853852
-1887182
2938323
-1625822
-712118
399262
3610338
-3620470
-3377790
65493
-975683
-1018615
-3046861
644494
-292105
918430
-1743292
-1748779
14957
2425001
-4010664
-2065576
797720
112849
-3165081
2993922
-2197878
2745080
-1271001
-2717557
1976862
-2450276
-1780721
1487732
2219087
-3306823
3055746
-1917869
-3779967
-593943
-2961473
710790
3637620
4022750
-3340773
-386674
3441573
-1986020
-1079055
-1161884
-2643214
2578295
804200
3578340
2902872
4181691
3413694
-1690029
-1637026
2314620
3101976
-904538
1898896
-1458748
2336823
-3689250
-1980162
-884189
-25640
-3328938
-373590
377454
-1449807
2930612
-3470408
-3103557
1099725
1918655
3850034
2441639
711788
2049741
-4052434
2015497
-586849
397584
-1354923
1480449
-1943477
-1825330
1632453
-459571
3222927
-3558747
2542855
-1170024
-779267
2072969
2311591
-3474059
-2668872
1146845
-889245
-3361821
-692501
-3704166
4126467
1988590
-428593
3978807
-1863763
-1478456
1532279
1534813
1916076
-3263452
-687653
3017494
-2923147
-436498
-3016784
-2731079
-636753
269363
-1944888
4053216
616913
134276
1639851
3882268
-3793208
4149786
809129
-1783140
-1054347
3231755
4066960
-2587231
-3530975
-3948143
-515284
-3575572
-1951808
1846863
-3744668
-2771438
-991211
-2603637
-3680643
-2305591
3630300
1168349
992468
423185
2212780
-3848877
2980259
-611991
2860501
1428099
-3998475
1044934
-3024851
-696722
-1153632
-111774
-546293
-1921278
2104711
3725852
-3790826
-2173907
-1704750
994675
-3363057
-3119469
2470115
-409079
643041
-955156
1715330
762059
2663808
-2947833
1085855
2491567
-270350
-561899
-900219
-240898
-503981
-4039556
-990934
-2143878
1818402
-736336
283720
-988951
-142295
-3715278
-1995172
-3771670
-547747
-1111720
54119
3029117
-992071
-3080340
-1280408
-2749011
-2414203
-491938
-3251842
-4191052
-1583735
-3749766
5090
2641269
2144966
-697850
-1849845
-2627898
2967823
2600326
1259559
3424105
-178952
-1364008
-2148592
637423
2261111
2419087
1104395
1085414
-3110666
1780836
-2878296
-3298566
1790553
405721
1411383
1306514
-3692737
990082
280231
-2141197
-3198034
2445717
-1134774
2368876
22778
-1125304
2143682
-1015510
-3308253
447663
-1573295
-894954
3133418
2998348
1353137
-1700128
-1581865
3374533
-3862498
319478
-1025155
1095872
-2192598
-2825026
1708923
322449
1870665
1442853
1842511
-849982
-129445
-3600421
1581482
-1385262
769976
-2166335
4032757
495065
1944977
2260350
2419318
-3614499
-3407703
797632
1673445
-1408500
-3626947
2383780
3203123
714434
2825638
3590293
-2816243
-2158827
-1697383
-3253786
-2040410
-1247150
1634934
-2610984
-664597
4193784
-2052845
-37796
2414496
-378098
-3600273
-4110087
129913
1635878
357959
-922349
-1576948
2503974
-2220968
4007510
-3467806
-2549711
555195
1447785
-2563255
-1779323
2494744
335408
2729140
-683911
1583676
557600
1161952
-805139
3705733
-626382
3294942
