2482469
-3543747
2732258
-2903913
-1959773
2119826
-29479
2151470
3461807
2279133
-4174880
-2117478
958369
2034256
-1533680
-1063946
-142456
-2524266
-1047048
2458053
3902765
-2494603
2464109
-2734027
-3812709
-1198523
2314589
1576932
1764295
-1079900
2063202
4056016
-54596
2185434
2542275
504480
-488447
-1623904
-853134
-981246
339175
-1830554
2656656
-2305659
-771858
1737452
-1287791
3706965
-2380359
2640001
-2597587
-2114850
3311464
3803028
1528416
-2273334
194976
3449377
1333600
556021
1911311
2796184
2242604
3662529
1129219
-4101822
-4121858
3787948
2070521
-3259596
738349
3044555
3175669
-1453185
1903295
-573214
1291335
3868495
1361272
1672798
1707094
-3873304
-849766
-197357
-2632236
3815706
3844051
547406
69949
-3462027
-1563612
-2440881
2278493
2162415
-2318915
2246407
3306860
-2799300
-1897047
2598331
463302
2460894
541121
-833787
-1814541
1272716
-349988
-2716370
3972819
3819781
-1590134
-1643923
-402983
713736
-3070155
-721787
1019516
2968945
2913390
706405
2042748
2291573
-2985602
1460011
-857398
-1513807
332102
448698
1679498
-3454311
-578378
-172537
-3969447
3095413
-171270
-1743817
-2743878
540905
-4059243
4060486
-1818821
-2122106
-3891611
3620928
-2990215
1275372
-2946659
-2518269
-790750
-2480977
580926
188660
-2337645
-1033001
2098904
-4017941
-3262531
-711050
2576545
-3190861
-3811778
584943
-3574974
2114820
2718334
-863461
-78216
1857007
-1922890
-2866915
-893973
-1840962
1075539
3271760
-3076132
2832535
-1868166
-2758585
3599003
-1638094
-1914601
1307056
-3236424
-2648176
1965325
-2782271
-1163159
319139
-3121967
3373016
74400
-868634
-838389
3123923
722878
-830399
3734280
-4076994
-3538328
-3923446
-35009
461477
3833635
-989174
4098635
3684859
1044614
731862
-231551
4125662
4113125
2909352
-3207155
-482437
1450279
577956
2878748
-2056243
-2403150
-361406
769055
1566877
-2088216
-2048812
425617
-3063151
-1013074
759833
1679673
3690102
3742179
1685732
3388122
-1651806
3796719
-1114433
-209549
1642952
1059668
48834
1869036
1703607
-3962856
1685513
-202073
-767729
-2089961
-1851616
3068172
-678358
-2347112
-2526258
3392639
983157
-2923881
1171876
1187834
3752251
3475906
2423372
1549688
-3284371
2763405
-1513927
1480947
1599229
553931
32585
2367991
1495850
1235242
1833779
189904
-2036931
-3059363
3932436
746605
847306
-2936680
-1835340
-667158
646811
2435804
446770
1896669
2112129
-2017123
-2447648
2193095
-262965
-4026570
953743
-1847175
-800551
-3652033
-1432202
3293676
-2078268
-3954844
-3622594
516107
4070486
3622212
914550
4048220
-3805454
-1806896
1608714
-1298667
-148776
2968116
-2799958
-745963
3913839
4152041
3274823
-11922
3609174
3611647
1126398
2780092
456828
-2861264
1304606
-658063
2935085
2638093
805206
1180696
1381674
2546841
1900498
-1751815
-1139307
-518782
-240810
3965856
-2583712
2979977
-1207748
3566073
1731678
-4131841
3420209
2795516
3203728
1902340
-1650229
-130440
-3248291
3803625
4153511
-2324111
3992706
-1087503
-1206160
3957331
2856110
-3663560
-1517753
2067056
3966586
1385875
472341
1218695
957528
2207104
-1798238
2692557
-2750803
2492940
-901975
-1740799
-2028963
-509703
-249186
4036986
3069087
2704954
-557265
-3270640
-1559213
3026669
2488609
-4175470
-448056
3058663
-2515707
-3281973
2035073
-2905137
3721149
3551288
-1708182
-2457713
-298596
2218151
-3679786
1454563
-2518568
-2001672
-882131
-3938739
-2315030
-2309066
-3670389
-1069703
-2173082
-446416
1693798
-1781566
-1219120
744655
-1809791
2952751
-3569098
-3588364
-179987
-3845062
1494001
-3804939
-3262340
2117398
-2913608
2162203
1078957
2146720
2571236
-17798
3537009
3520591
1737965
817844
-2994968
2273725
2625001
2061403
-3206163
-2343053
-1142179
917166
-1387957
-1147260
-52459
381678
1799379
-2370504
-1286508
-4085426
-1981170
1018027
393578
-3995018
-1709803
-3485097
2215104
4178505
551754
1386658
3884467
-1385599
-574728
4082901
-4163155
-3335304
-2132711
-2095965
-2475629
-816914
2020923
-522491
-794580
3069493
-1938656
-2354315
-2944443
-2260981
-2279694
-39054
3414973
-4114864
-2402999
-1341093
-1174122
-1263047
-3422
481277
1515123
1567284
1594997
4003875
1809016
2103148
617145
855331
3038058
-2874313
481659
809705
3151751
-2404160
-3832366
3341064
2251087
1998476
-310722
-1732980
-2104829
-2077875
-2170215
-2089116
-1245920
2363204
-1268064
4065796
3624855
411311
-2409130
-3320909
1809153
-1731482
-1929122
-4052685
-2904092
-3618564
-1090022
3715926
417845
-1217982
-649662
-2699009
514636
-728546
2198603
-3862558
3590945
3299419
-1411575
-2098197
-984214
-2179377
2414941
120947
-2845184
-1926813
1694937
-369119
-1657627
-3898661
-3611256
-419219
1450812
-3718285
-2496157
3057646
-1111668
-3350585
3231428
4093388
3215588
-3167254
-62780
-637326
-1132783
3739657
-1035300
-3691665
-726084
-240578
-1878998
-2470697
2173324
-4079454
2958973
-3427151
304624
-783940
-1251391
1056475
3107439
1330691
482112
3316752
-1382003
2079075
3045835
332084
-1878470
4115060
2609274
1981900
-4171921
-3024233
-215042
-1723602
2780740
2026933
-2501440
-4130670
2204855
3403675
-2150091
-1300777
3239759
-2227557
4171675
-2363189
1441453
-2886303
-1519601
30183
2542877
-1656966
223681
47735
3728938
4010935
-2975179
-4191841
45456
1006784
-1143892
-1337542
3939082
-2614571
274656
1623839
4006637
-843524
-3130474
1316573
-3366731
-1965674
393414
1353871
-183060
749089
1439488
-3449898
-2979552
2202924
1705633
3013699
-3152585
2046203
1946376
2711005
3412133
1319223
-3939825
2736491
3717096
2248274
1860825
-2806116
147963
2798554
3343414
1668986
-1135428
83193
2031534
477225
1714093
4192992
2211888
1844832
-2102281
895800
-3726204
-2089914
3798623
1524758
-3078874
-2987590
-3749499
3294148
-2003730
3845245
-89421
-3465019
327376
3103129
-2636364
1514711
631476
-3876990
-1573468
2176853
-3250797
2635422
-3086900
3454743
963003
-1512111
-1630379
4017708
-2573859
1693311
-1630008
-830981
1834200
948968
3500043
3403249
-2646621
-80747
-693185
2401633
3402780
2922945
-820661
2424307
548002
2784291
-1707904
1241427
-3735798
-425148
2058291
-3230592
-493393
-1702264
1298175
-3820854
-970423
3519585
2615219
1058324
-90161
-3558546
-2868370
-435834
886540
1215081
-1017421
-245722
-2129532
-2637397
3434095
-1525627
-1651460
3823555
-1687620
-2907894
-1789913
-2663853
-2565761
-3338557
1365142
3481242
-427256
-3155190
1539333
-921320
1772978
3479825
-1727801
-3922864
-3256617
-1191043
-599273
-1168892
1839036
-1849321
3182801
3037046
-3582428
882866
-2685168
398509
199450
2623060
314791
-3968858
2569277
-3999231
-833012
-3789874
1633164
1719362
3625247
-4090007
-1990112
982664
-1897936
3292641
-1468778
-934275
1139827
2774247
3275158
1679036
-2792099
2940976
2033648
358376
-1338328
-3991392
296904
4030701
3645969
-4102368
-630598
-1288088
1316306
-1845113
1295498
-3327977
-2168989
-2939644
-3824562
-2111339
614764
-3340913
-3438767
-356066
50188
-3476904
-2091183
927487
-3129636
-1557150
2647627
1229470
2168826
463119
1712741
-2564868
2008136
-2709886
-2798412
-1816980
-1180037
558549
-1028859
3855678
2817816
-2165510
1616908
751171
978131
4051133
-3295626
3041762
-3426395
2171584
-2572563
-3445553
2116066
-182393
53389
-3844709
2441969
1161943
-2281348
1212829
-917999
3603640
-3435267
2566249
-1829710
3373929
1284977
-2861241
2386198
-258987
-2485701
457394
-1879544
542757
4129227
3866665
-4078528
2112099
671663
1023400
1065723
2354003
3325621
-3110732
1008835
2638609
-2869701
3667231
-2856677
2320503
-955043
3942013
-1793935
680045
-3519872
1143073
-3133064
2065980
4054734
2969195
1202939
-267647
-1300952
-2022946
-775795
3120193
3117780
-3604662
976512
-2991688
421822
240231
-1735854
-895085
3064027
3978618
1966235
-2532702
-4071563
1455330
-343521
-1896544
-824597
-427608
2024639
-1538148
2897531
-2808590
2314293
3614061
-3088672
-3704320
2845174
-3848027
-3626603
627662
-2303350
-2360798
-3653863
3638451
2684450
3278616
1538660
-924594
-3687343
-1836477
-1569465
1684970
1827716
-1187177
-621635
-2126685
1090181
2037102
1231668
1672094
3787343
2323777
-3856383
-17207
-2818341
1489786
1078413
1465373
1765799
-3261567
229979
2997420
-1864131
-1243003
-1214068
2130620
2093732
3586895
755460
-587594
-850589
-413014
-1708500
-3541812
4073321
-2407953
884210
1481945
3594186
-3640666
-294018
3467655
-1565426
-1198001
2986124
3842572
1219658
1142940
2104131
1785262
-2655969
1692381
-1537982
1941848
-1841970
-3390887
1882957
3081228
-1578091
-1935364
-139475
1445337
15212
3171251
3151849
-790005
-2739286
-3314629
-2434939
3027760
-3126683
-2488963
-1649121
3038512
73568
-2882266
1073969
3396784
2598442
-2124863
-3915606
1811037
-3398300
-4063805
1553976
-4041889
1855205
-108705
-4125084
1736482
-3429846
-1473743
2530622
1260435
583400
421455
-3277294
3339562
1470497
2135308
-2270147
-3001220
1509960
-450434
2828593
1292388
2099254
-3335918
-779151
2007203
-1125360
-76033
-3004884
-2712492
-3396963
1758527
-993230
-644136
-2524004
-1160747
-4036881
-791774
-618235
576085
3870730
2131484
-114109
-2505633
-3955641
1363948
-1096666
-553200
878799
-1453816
-4078918
-56893
-1495794
3846632
3272155
3487666
2899697
-1743787
-2216555
-446663
-604011
432293
3377032
-336659
-262341
-560620
-3976854
-2587384
-1665496
-1006728
-927973
-2161873
340330
-2151189
-181357
-3848488
3794365
-3914721
1014150
-2484803
997111
-776826
521944
-1077020
-962886
1896559
852950
-4120623
1403895
-3815762
3604718
3626126
-3708262
-2642758
83777
-2046335
701140
678448
-3355559
1690824
2760579
2372697
3906225
284947
3669762
2329857
1673429
3345884
3629166
1233268
-3575425
2563819
-2364660
-2742022
1498233
-2807512
-810421
-218947
769151
-2584249
554731
1977396
-2173914
-386183
1438129
-3493978
-3923723
3505797
192711
-2368302
-572908
1548965
3296397
-3677538
-3822880
224414
1969225
2900682
-325154
21418
-2745235
-3010146
-2379277
-3688216
1696439
1944929
-3947354
377867
2883725
-4162396
2230260
1502809
-650727
-2730739
1648493
1613490
2416406
3101153
-2005130
-3773911
1443743
-3374939
3807421
-2822267
-3717210
2411570
-209008
479397
610643
3690377
-512103
135705
-2412645
749559
3576621
-3402555
389123
1816039
-2053325
382680
3034846
1873591
-3096794
-3757132
-3726907
-967714
156210
-1658706
3332568
1176513
2687695
1342201
988652
-4023212
3468702
-2026834
3512286
3282210
-811299
-2510638
3792768
3326466
276988
-2783195
360921
-603936
-3337986
-2835998
2654220
2927175
-3335291
3052517
-560177
-3655403
3315369
3169685
3050796
-2856296
3882259
-1125646
-527913
-1432151
-2293796
3429553
277244
-3671510
2397580
-529880
3734351
-1313295
1178799
1711373
-235899
-2363143
3063856
-3855243
1325749
-2858192
-460035
1956504
-3815248
-2872339
-3937320
-2763977
2154200
1081297
-845182
-458026
-479780
3966977
-1854690
2202262
2904556
1843378
-1586058
21742
-4000517
1789309
3185895
2430084
2109147
-393094
-250953
1465965
3341267
1426181
2531607
-1548167
3842687
