-2179351
-290277
401951
1676034
3281259
4262936
1623395
493606
-1365846
-1131345
-2060419
-548968
-210777
3214778
905987
1111636
1094073
636081
-761703
843364
-897796
2201135
-3070314
-1199459
2309621
-2268583
886677
-361741
971426
-537431
-3627836
2746437
212219
2198574
321112
356894
2611153
461927
357104
-361089
-1630550
-1752662
808772
149636
3057930
-1187718
-145981
384322
2767119
734399
-4542057
-2294368
-1059969
-587279
3893231
1301245
-679409
-852400
231995
-2179301
-1991665
-1791468
-654154
1097172
687921
-1011834
-2848614
-2060092
-5155577
1537684
4487602
-1263095
3148837
627892
746198
1887661
1225935
1874279
-1452764
179673
2253155
1867400
3285624
222477
-2432056
-75435
2473294
-3269217
-1662947
-6633230
-916333
657470
578790
311445
-1472956
532912
-608706
-911949
-3759463
-2143418
-1896734
45820
649854
-4336703
472287
-1633899
-2415023
-494282
3513065
851302
506269
123013
-543248
757708
2239465
-482497
2605810
5305582
-315845
-2333046
-4105897
-3106872
-2454482
350015
1801628
-3645711
786907
1160341
11804
-1279871
-1159337
-2105893
949219
-1794832
2945026
6119902
358611
-2936675
-2642931
4259072
-1791963
1708450
-2785921
1603649
-1151028
-5291626
-1029074
762468
2516101
-1189312
-2386228
243325
302523
1238623
-200799
3028896
467115
-1268061
180709
-960297
186183
2050727
-101890
-503306
1522599
4040469
1879111
-1186370
-1997648
741731
-1007081
121519
227697
2227115
4550959
-427392
1897087
878222
2742548
-1181472
5275736
-374871
-3902413
-2887186
-471708
-1344030
-2737746
-2456307
1037526
4804028
-797399
1878961
-3730155
-1298699
1297169
-1656228
-2356796
-1333434
-3320197
-2837811
5607237
330339
992346
633530
-1702136
1794356
-3452813
2760736
4457291
-3498975
-28300
-528098
5283217
-2586575
3060350
3833809
-69369
165800
312285
-237670
-270856
-45902
2683886
1979287
1357260
385519
1827770
4264984
-4131408
-1969526
-1300593
-224794
-1606959
505116
1530509
-1659848
-242643
-2697696
-2247359
938174
2722417
-1326259
-737859
484777
-1819093
-1126206
-4810196
1498177
293437
-523632
3277780
3282735
-91851
-1458960
1412678
120793
-4876237
-1307824
4206686
2269731
5758225
-1785625
-1554431
-441471
3311405
-2866447
-4370098
-27278
-2428969
54596
549884
1618544
1092801
846451
-1669862
3301974
-751861
1771682
-424392
824151
-511378
-1484943
-2448007
2349116
-1860931
990700
1573025
3323088
6621708
9232
3809407
-2737292
-1811587
-1668390
-27223
-2115916
1904246
525374
-4112263
1813158
1594297
918136
199251
-1362374
-142491
587685
-877034
-1372651
-605673
-693987
6850984
-2584167
1058434
-3120754
1100082
2738775
4148138
-53177
544642
-3922667
-1498457
-69145
956996
-1603574
92013
549428
276620
-196438
1730249
-1712290
-1375554
-1977561
-4642783
-2268227
-2267517
-1042714
1397073
-100784
-550095
970421
2161349
-205692
501254
-4522303
1127945
-2224802
1647228
-1328591
-919897
1285530
1987105
-1476420
-678480
-1095745
1104202
1292659
500148
88915
-3821589
-1995557
-2681844
-1539023
-1043845
-2601424
3684453
-2036924
-1232644
-1334916
-2491975
-414775
693807
1999183
1055840
816287
600410
3167198
-301152
-941583
1485779
-2106100
2004409
-805835
928015
-1017972
-359388
2943496
2264181
-2073785
-1816831
4499859
2655460
-1203950
2787740
-3915364
594990
-353475
-2189826
1295571
-3580809
-166599
-104622
-841495
1505661
-2058747
3009947
1695505
5067019
1249363
-1408088
131878
-1345849
-1326349
-1459130
1082280
-1281324
502349
684613
-3155698
-1396228
3713010
-2346714
3779260
-1803640
-1481863
1894685
1998316
-1816069
995283
264188
-1434516
1907163
729740
-2137580
-984459
-940381
1623800
1803149
-171533
-1988035
622005
-66902
3057298
2025436
-845472
-516354
-212264
1987333
1459085
1687652
-950531
-4689640
577112
-143036
-849618
568985
-1647113
5855362
-1917390
-2196044
-2714284
-142546
532899
342207
361347
2082401
3008466
1502515
371369
-19918
-2082134
-2385307
106526
-439614
-482180
-1789965
-2490520
390112
2247175
923367
1447107
961210
1383051
393277
2796158
-1670891
-257327
-1483881
-1074488
433333
-1295096
-3155346
-1340591
-2254481
2443472
-1625671
-348610
-346708
-1894136
-34147
3199553
1932132
65323
914854
741785
1315476
857193
-772802
1562527
546775
-1776236
1531653
346967
4833150
-2349654
196418
295870
-1709237
-970499
1116249
-2235723
-1671709
2594808
985195
1833904
-1960561
3609386
3132281
-458342
-283084
-4354936
4577846
827467
-392019
-897461
521206
364305
-3168319
-222133
-446244
-1785494
3171893
1293207
-92804
165792
-1409325
-3894318
2340723
-1972770
1667798
-2164919
3065080
3341301
-2153074
914485
3237508
-1689276
-963112
2771078
230536
699027
-285695
-3288440
3395880
3308206
1456932
-1566794
2571697
2714740
2065707
1317410
-722132
2207657
-253373
-2882584
2050385
794274
-306990
-2639830
-608414
2333004
-193664
1407786
899157
-1410565
4167293
3898718
1091134
1799860
-2979466
-2371527
-702713
-789861
-1806547
894954
-3453098
-672123
1259425
-233593
-117501
1472794
-1581717
4236782
-495676
-1055333
752711
-1454869
510443
4230846
2147200
2910008
-2748923
3087061
1717315
-395313
-2458088
3003873
-3055209
362432
2310164
-201712
3975441
1016955
3337901
-124509
-2032643
186248
-2165470
80629
-2647003
1666046
-20601
1332532
1006100
-2119370
-2266140
3572728
1074864
1811603
-1013132
2605713
-1114248
785093
-1443044
7864842
2817035
2316123
-2413708
2595587
119505
-4152480
2619030
-1795669
4064331
805041
-372193
2153761
745126
-128235
476166
-2335607
478948
1257672
2366933
-847625
1718018
183032
1506500
-1022685
3111099
-181940
-2127041
1010831
1338220
-730636
721241
-377220
589246
3160307
-271820
829498
1209258
-1704055
-1867120
-1794839
-2109588
394458
244888
-1879288
1381902
3544988
-1702811
-4580794
-2223651
-592354
-5434491
-2411530
2709725
4643882
-3429954
-203729
3848713
4387829
246613
389705
-1307413
-606695
-1297357
-2420148
-1623585
-2357993
-47217
-797913
-1747504
-314104
-2427735
-3059889
-1291940
-542358
1982858
-936615
-1044333
4858400
167661
684633
-1628846
2096761
276413
-1600234
-1621597
96142
-893761
-1610834
-1178761
2671969
1714734
1503168
-314399
64057
-1736916
-2325063
-4336825
-77264
3112879
143944
1580109
-2129261
439624
1330207
3497231
-261207
-847408
876539
-4071361
3853506
-1852878
2195800
207758
-531038
2634161
-3615019
-634093
541448
-1914087
-2718934
-2090081
3936521
-5123389
1901013
-359916
-1313284
119875
447141
1594374
409459
-5155768
-3915506
521895
-660241
1043673
3274
-580687
2732325
-2609634
1587383
3149370
-2965796
-911299
469475
3053379
897983
-925820
797590
-1708415
-71337
-990240
-221011
91596
400912
2236224
951997
908201
-2022849
-224837
2740
-2655974
106659
4022267
-3287371
-5270773
4459888
283677
1659618
-861791
5033818
-620343
3268115
4485126
-574252
2638318
3333503
3315507
1270215
-1719049
3838724
-1617067
-755777
-3909278
-706982
2134279
2595611
-1765194
-160127
-2261825
4921720
-416785
-2374839
4400370
-685756
-607042
-1701632
477143
1030841
1580992
-1857151
-463779
-14592
-168516
2041011
3351551
1731991
2277827
272000
-109154
-2250488
547856
2788961
297480
781892
883335
465417
177702
1505695
-4752787
2073469
1944277
-1130093
755473
2045123
2287562
-673031
1745235
1782775
3530586
-2550226
-775069
2985056
-3957196
-2771878
-324985
629851
1108754
1626668
-295542
1944578
-122743
3571845
2536253
2137008
-533340
-2886777
-678431
843861
1315526
-819451
-1681618
-226591
-2903485
2558859
1810614
-1020079
-1216996
2876417
1015747
247572
401146
2532245
-205940
-863269
-228832
-670358
-477836
669100
864190
2282014
-3186822
-1133772
9325
512982
2158666
-1904871
-2734964
-1426841
662515
-1223857
1422331
3202495
-592161
-3779006
-4391656
2635821
-1598120
87281
4575250
-2994172
-691889
824271
1506002
-216860
618350
-135125
2894295
-3066774
942066
-121419
267857
2600581
-2844045
-973546
1457046
1365335
-3785019
767324
3157393
-5348521
-2145221
2813337
2608
1027185
-1982256
-947241
-1571133
1168808
-1615405
648130
-607362
-1323739
192755
-992180
1990907
-1852976
4459969
-1320822
235216
-205483
-879551
-269976
389397
-1735343
328449
-1175742
21585
-1162415
-1770180
2218215
3530094
247780
2322267
1155492
-1281263
-1298695
-961030
-185426
-2272756
216868
1660618
-3098563
1274691
-3118118
-2810205
-1388615
3862976
-971598
-946486
-1209439
-1995547
2131266
3710569
-407871
3711940
288106
259956
210743
-3759897
-69001
-837513
-2121156
2288686
1818941
-370501
-2098209
2360775
17947
13091
-5850801
-439520
1530286
908464
110934
-1789035
-3188958
2404458
317580
-3867834
1514212
1359114
153178
3620509
-1550980
1863078
-1007911
-938049
365479
-1819278
-2244161
659807
-2772927
-145985
647726
580036
-383655
-730955
-868517
2284912
2038475
-1433284
-4751446
1651929
3171780
1140295
68513
-1661773
-536806
-3063507
179391
2091085
178089
-2295771
-2163540
-1752035
1192282
-4274657
-1692786
-1096461
215951
-57173
-918093
4079970
-2492341
1692971
-578215
6090271
-992947
2954468
1682836
251779
-1806123
-3140490
-401109
-1243616
-428133
-2628296
2239797
2347250
-2705751
-323310
-1682557
8346955
-3025350
1986706
-324676
2535427
-2567497
4692453
-2471643
-1663695
-666141
-458440
622881
2090014
-2033451
2206581
-1463974
2228572
5758591
-1913861
-1073912
194719
617973
-1638110
1208499
3488254
-410377
-3092236
-1756292
-2095734
-1570241
545546
1686845
1223682
961261
-485762
1675568
855022
-4122630
-738677
465520
359745
2891080
-1314722
-912586
-3373098
118887
-1692669
-3547519
-3385265
-27865
1735697
-3169864
1948757
-2128644
288040
-4008769
-609647
-937450
-549414
-379327
2834604
4012096
-2385076
-2799726
1268425
-3021153
-1724851
2511907
2168197
2917917
4726635
-692212
-1171951
1858656
-341648
-2584993
2050463
3564850
686367
1193088
-3019374
-933967
-147984
-399797
2317139
3040471
2605604
-1877689
994173
59513
-3483819
-1427044
545836
1335787
-433153
231234
254942
757088
1942304
-1485784
1398966
1047302
108807
1099544
950716
-576844
982931
-2543908
-552606
-1062436
-871576
1173135
-3528525
962421
709739
1558690
-1577307
-305069
1326560
1452329
5214893
-768418
1011165
814604
-3182691
1495140
-1470294
-2162268
283182
-1766945
879030
-1673459
-2572797
-1477464
274725
1847774
2063198
482905
634850
-91554
4282727
-685903
-1179420
-125055
-559738
-362887
1686926
5872
2239979
-1510336
-3245759
-1685678
-2261101
-471715
-2358738
605270
26703
-2106477
-509497
-855855
25100
889976
2290357
-198947
184268
1412487
-581774
55399
-3235400
3765661
1778771
-472719
4369930
597438
957067
2438255
-22451
1135812
-767439
239892
-2206367
3428512
-3725287
-154104
1255090
-1619248
9074
2788062
438686
-1304825
-133771
-866834
2655909
-1681482
-1391157
451740
-512792
4741524
2760401
4866232
