3669025
3667749
3666471
3665191
3576737
3575492
3574247
3573000
3484453
3483240
3482027
3480814
3392166
3390984
3389803
3388623
3299882
3298733
3297583
3296432
3207594
3206474
3205361
3204241
3115309
3114221
3113134
3112051
3023018
3021969
3020916
3019863
2930736
2929714
2928691
2927675
2838453
2837463
2836471
2835482
2746163
2745204
2744248
2743292
2653876
2652951
2652026
2651101
2561588
2560696
2559805
2558911
2469301
2468441
2467581
2466719
2377015
2376189
2375360
2374530
2284728
2283933
2283135
2282343
