-1999599
-1999402
-1999205
-1999008
-1996520
-1996323
-1996126
-1995929
-1993441
-1993244
-1993047
-1992850
-1990362
-1990165
-1989968
-1989771
-1987283
-1987086
-1986889
-1986692
-1984204
-1984007
-1983810
-1983613
-1981125
-1980928
-1980731
-1980534
-1978046
-1977849
-1977652
-1977455
-1949578
-1949381
-1949184
-1948987
-1946499
-1946302
-1946105
-1945908
-1943420
-1943223
-1943026
-1942829
-1940341
-1940144
-1939947
-1939750
-1937262
-1937065
-1936868
-1936671
-1934183
-1933986
-1933789
-1933592
-1931104
-1930907
-1930710
-1930513
-1928025
-1927828
-1927631
-1927434
-1899557
-1899360
-1899163
-1898966
-1896478
-1896281
-1896084
-1895887
-1893399
-1893202
-1893005
-1892808
-1890320
-1890123
-1889926
-1889729
-1887241
-1887044
-1886847
-1886650
-1884162
-1883965
-1883768
-1883571
-1881083
-1880886
-1880689
-1880492
-1878004
-1877807
-1877610
-1877413
-1849536
-1849339
-1849142
-1848945
-1846457
-1846260
-1846063
-1845866
-1843378
-1843181
-1842984
-1842787
-1840299
-1840102
-1839905
-1839708
-1837220
-1837023
-1836826
-1836629
-1834141
-1833944
-1833747
-1833550
-1831062
-1830865
-1830668
-1830471
-1827983
-1827786
-1827589
-1827392
-1799515
-1799318
-1799121
-1798924
-1796436
-1796239
-1796042
-1795845
-1793357
-1793160
-1792963
-1792766
-1790278
-1790081
-1789884
-1789687
-1787199
-1787002
-1786805
-1786608
-1784120
-1783923
-1783726
-1783529
-1781041
-1780844
-1780647
-1780450
-1777962
-1777765
-1777568
-1777371
-1749494
-1749297
-1749100
-1748903
-1746415
-1746218
-1746021
-1745824
-1743336
-1743139
-1742942
-1742745
-1740257
-1740060
-1739863
-1739666
-1737178
-1736981
-1736784
-1736587
-1734099
-1733902
-1733705
-1733508
-1731020
-1730823
-1730626
-1730429
-1727941
-1727744
-1727547
-1727350
-1699473
-1699276
-1699079
-1698882
-1696394
-1696197
-1696000
-1695803
-1693315
-1693118
-1692921
-1692724
-1690236
-1690039
-1689842
-1689645
-1687157
-1686960
-1686763
-1686566
-1684078
-1683881
-1683684
-1683487
-1680999
-1680802
-1680605
-1680408
-1677920
-1677723
-1677526
-1677329
-1649452
-1649255
-1649058
-1648861
-1646373
-1646176
-1645979
-1645782
-1643294
-1643097
-1642900
-1642703
-1640215
-1640018
-1639821
-1639624
-1637136
-1636939
-1636742
-1636545
-1634057
-1633860
-1633663
-1633466
-1630978
-1630781
-1630584
-1630387
-1627899
-1627702
-1627505
-1627308
-1599431
-1599234
-1599037
-1598840
-1596352
-1596155
-1595958
-1595761
-1593273
-1593076
-1592879
-1592682
-1590194
-1589997
-1589800
-1589603
-1587115
-1586918
-1586721
-1586524
-1584036
-1583839
-1583642
-1583445
-1580957
-1580760
-1580563
-1580366
-1577878
-1577681
-1577484
-1577287
-1549410
-1549213
-1549016
-1548819
-1546331
-1546134
-1545937
-1545740
-1543252
-1543055
-1542858
-1542661
-1540173
-1539976
-1539779
-1539582
-1537094
-1536897
-1536700
-1536503
-1534015
-1533818
-1533621
-1533424
-1530936
-1530739
-1530542
-1530345
-1527857
-1527660
-1527463
-1527266
-1499389
-1499192
-1498995
-1498798
-1496310
-1496113
-1495916
-1495719
-1493231
-1493034
-1492837
-1492640
-1490152
-1489955
-1489758
-1489561
-1487073
-1486876
-1486679
-1486482
-1483994
-1483797
-1483600
-1483403
-1480915
-1480718
-1480521
-1480324
-1477836
-1477639
-1477442
-1477245
-1449368
-1449171
-1448974
-1448777
-1446289
-1446092
-1445895
-1445698
-1443210
-1443013
-1442816
-1442619
-1440131
-1439934
-1439737
-1439540
-1437052
-1436855
-1436658
-1436461
-1433973
-1433776
-1433579
-1433382
-1430894
-1430697
-1430500
-1430303
-1427815
-1427618
-1427421
-1427224
-1399347
-1399150
-1398953
-1398756
-1396268
-1396071
-1395874
-1395677
-1393189
-1392992
-1392795
-1392598
-1390110
-1389913
-1389716
-1389519
-1387031
-1386834
-1386637
-1386440
-1383952
-1383755
-1383558
-1383361
-1380873
-1380676
-1380479
-1380282
-1377794
-1377597
-1377400
-1377203
-1349326
-1349129
-1348932
-1348735
-1346247
-1346050
-1345853
-1345656
-1343168
-1342971
-1342774
-1342577
-1340089
-1339892
-1339695
-1339498
-1337010
-1336813
-1336616
-1336419
-1333931
-1333734
-1333537
-1333340
-1330852
-1330655
-1330458
-1330261
-1327773
-1327576
-1327379
-1327182
-1299305
-1299108
-1298911
-1298714
-1296226
-1296029
-1295832
-1295635
-1293147
-1292950
-1292753
-1292556
-1290068
-1289871
-1289674
-1289477
-1286989
-1286792
-1286595
-1286398
-1283910
-1283713
-1283516
-1283319
-1280831
-1280634
-1280437
-1280240
-1277752
-1277555
-1277358
-1277161
-1249284
-1249087
-1248890
-1248693
-1246205
-1246008
-1245811
-1245614
-1243126
-1242929
-1242732
-1242535
-1240047
-1239850
-1239653
-1239456
-1236968
-1236771
-1236574
-1236377
-1233889
-1233692
-1233495
-1233298
-1230810
-1230613
-1230416
-1230219
-1227731
-1227534
-1227337
-1227140
