1893672
1893030
1892387
1891745
1891104
1890464
1889820
1889178
1888536
1887895
1887253
1886610
1885969
1885327
1884684
1884043
1846247
1845621
1844995
1844370
1843746
1843118
1842492
1841867
1841242
1840615
1839990
1839364
1838738
1838111
1837485
1836860
1798824
1798214
1797605
1796995
1796383
1795774
1795165
1794556
1793946
1793337
1792727
1792117
1791506
1790896
1790287
1789678
1751401
1750807
1750213
1749618
1749025
1748432
1747838
1747244
1746651
1746057
1745463
1744868
1744275
1743683
1743089
1742495
