-1999599
-1999402
-1999205
-1999008
-1998811
-1998614
-1998417
-1998220
-1996520
-1996323
-1996126
-1995929
-1995732
-1995535
-1995338
-1995141
-1949578
-1949381
-1949184
-1948987
-1948790
-1948593
-1948396
-1948199
-1946499
-1946302
-1946105
-1945908
-1945711
-1945514
-1945317
-1945120
-1899557
-1899360
-1899163
-1898966
-1898769
-1898572
-1898375
-1898178
-1896478
-1896281
-1896084
-1895887
-1895690
-1895493
-1895296
-1895099
-1849536
-1849339
-1849142
-1848945
-1848748
-1848551
-1848354
-1848157
-1846457
-1846260
-1846063
-1845866
-1845669
-1845472
-1845275
-1845078
