98309
97013
95735
94465
93200
91952
90713
89489
88277
87080
85886
84715
83553
82401
81267
80149
79042
77942
76857
75792
74733
73693
72661
71645
70644
69649
68669
67708
66757
65821
64896
63982
63080
62199
61322
60466
59621
58785
57964
57161
56367
55585
54818
54062
53324
52590
51883
51178
50487
49813
49151
48505
47868
47245
46635
46038
45452
44884
44328
43780
43254
42733
42229
41738
41260
40795
40343
39901
39475
39065
38662
38279
37904
37545
37197
36866
36539
36236
35941
35660
35390
35137
34893
34662
34448
34248
34059
33880
33715
33567
33429
33308
33198
33099
33014
32942
32886
32838
32808
32787
32781
32785
32805
32838
32884
32942
33012
33096
33194
33303
33427
33566
33713
33879
34055
34244
34446
34663
34895
35133
35391
35656
35938
36233
36539
36862
37196
37543
37906
38279
38666
39062
39474
39900
40340
40792
41258
41737
42230
42735
43251
43784
44329
44881
45454
46034
46633
47242
47867
48503
49149
49815
50491
51181
51883
52596
53322
54062
54816
55584
56366
57158
57968
58787
59622
60465
61325
62197
63081
63980
64893
65815
66758
67711
68667
69650
70645
71645
72659
73690
74733
75789
76860
77943
79038
80147
81268
82404
83553
84717
85885
87074
88274
89487
90712
91945
93194
94455
95727
97008
98304
