# x y  (written by maestro2tex)
0 0.02610907231
0.00625 0.02611236492
0.0125 0.02611622209
0.01875 0.02612073784
0.025 0.02612601729
0.03125 0.02613218151
0.0375 0.02613937064
0.04375 0.02614774807
0.05 0.02615750638
0.05625 0.02616887614
0.0625 0.02618213932
0.06875 0.02619765052
0.075 0.02621587193
0.08125 0.02623743362
0.0875 0.02626324364
0.09375 0.0262947044
0.1 0.02633418075
0.10625 0.02638615398
0.1125 0.02646064363
0.11875 0.02658654919
0.125 0.02689267514
0.13125 0.02987316215
0.1375 0.03651319533
0.14375 0.04324789896
0.15 0.04999834638
0.15625 0.05673533779
0.1625 0.06347056689
0.16875 0.07022228643
0.175 0.07698452483
0.18125 0.08375417833
0.1875 0.09052954717
0.19375 0.09730956302
0.2 0.1040934906
0.20625 0.110880792
0.2125 0.1176710566
0.21875 0.1244639614
0.225 0.1312592468
0.23125 0.1380567016
0.2375 0.1448561528
0.24375 0.1516574587
0.25 0.1584605037
0.25625 0.1652651949
0.2625 0.1720714592
0.26875 0.1788792407
0.275 0.1856884985
0.28125 0.192499205
0.2875 0.199311343
0.29375 0.2061249036
0.3 0.2129398828
0.30625 0.2197562787
0.3125 0.2265740874
0.31875 0.2333932991
0.325 0.2402138938
0.33125 0.2470358377
0.3375 0.2538590798
0.34375 0.2606835495
0.35 0.2675091561
0.35625 0.2743357885
0.3625 0.2811633175
0.36875 0.2879915986
0.375 0.2948204764
0.38125 0.3016497889
0.3875 0.3084793725
0.39375 0.3153090667
0.4 0.3221387182
0.40625 0.3289681841
0.4125 0.3357973344
0.41875 0.3426260538
0.425 0.3494542423
0.43125 0.3562818154
0.4375 0.3631087044
0.44375 0.3699348558
0.45 0.376760232
0.45625 0.3835848113
0.4625 0.390408589
0.46875 0.397231578
0.475 0.4040538099
0.48125 0.4108753333
0.4875 0.4176962122
0.49375 0.4245165209
0.5 0.431336339
0.50625 0.4381557447
0.5125 0.4449748108
0.51875 0.4517936014
0.525 0.4586121706
0.53125 0.4654305626
0.5375 0.4722488128
0.54375 0.4790669491
0.55 0.4858849934
0.55625 0.4927029627
0.5625 0.4995208702
0.56875 0.5063387262
0.575 0.5131565388
0.58125 0.5199743143
0.5875 0.5267920578
0.59375 0.5336097733
0.6 0.5404274639
0.60625 0.5472451323
0.6125 0.5540627806
0.61875 0.5608804106
0.625 0.5676980235
0.63125 0.5745156207
0.6375 0.5813332031
0.64375 0.5881507715
0.65 0.5949683267
0.65625 0.6017858692
0.6625 0.6086033996
0.66875 0.6154209183
0.675 0.6222384257
0.68125 0.6290559222
0.6875 0.635873408
0.69375 0.6426908835
0.7 0.6495083488
0.70625 0.6563258042
0.7125 0.6631432498
0.71875 0.6699606859
0.725 0.6767781126
0.73125 0.6835955301
0.7375 0.6904129384
0.74375 0.6972303378
0.75 0.7040477284
0.75625 0.7108651103
0.7625 0.7176824835
0.76875 0.7244998482
0.775 0.7313172046
0.78125 0.7381345526
0.7875 0.7449518924
0.79375 0.7517692241
0.8 0.7585865478
0.80625 0.7654038636
0.8125 0.7722211715
0.81875 0.7790384717
0.825 0.7858557642
0.83125 0.7926730491
0.8375 0.7994903266
0.84375 0.8063075966
0.85 0.8131248592
0.85625 0.8199421147
0.8625 0.8267593629
0.86875 0.8335766041
0.875 0.8403938382
0.88125 0.8472110655
0.8875 0.8540282859
0.89375 0.8608454995
0.9 0.8676627065
0.90625 0.8744799069
0.9125 0.8812971007
0.91875 0.8881142882
0.925 0.8949314693
0.93125 0.9017486441
0.9375 0.9085658127
0.94375 0.9153829753
0.95 0.9222001318
0.95625 0.9290172825
0.9625 0.9358344273
0.96875 0.9426515663
0.975 0.9494686997
0.98125 0.9562858275
0.9875 0.9631029498
0.99375 0.9699200667
1 0.9767371783
1.00625 0.9835542847
1.0125 0.9903713859
1.01875 0.9971884821
1.025 1.004005573
1.03125 1.01082266
1.0375 1.017639741
1.04375 1.024456818
1.05 1.031273891
1.05625 1.038090958
1.0625 1.044908022
1.06875 1.051725081
1.075 1.058542136
1.08125 1.065359187
1.0875 1.072176234
1.09375 1.078993277
1.1 1.085810316
1.10625 1.092627351
1.1125 1.099444383
1.11875 1.106261411
1.125 1.113078436
1.13125 1.119895457
1.1375 1.126712475
1.14375 1.133529491
1.15 1.140346503
1.15625 1.147163512
1.1625 1.153980518
1.16875 1.160797522
1.175 1.167614523
1.18125 1.174431522
1.1875 1.181248518
1.19375 1.188065512
1.2 1.194882504
1.20625 1.201699493
1.2125 1.208516481
1.21875 1.215333467
1.225 1.222150451
1.23125 1.228967433
1.2375 1.235784414
1.24375 1.242601394
1.25 1.249418372
1.25625 1.256235349
1.2625 1.263052325
1.26875 1.2698693
1.275 1.276686274
1.28125 1.283503248
1.2875 1.29032022
1.29375 1.297137193
1.3 1.303954165
1.30625 1.310771136
1.3125 1.317588107
1.31875 1.324405079
1.325 1.33122205
1.33125 1.338039022
1.3375 1.344855993
1.34375 1.351672965
1.35 1.358489938
1.35625 1.365306911
1.3625 1.372123885
1.36875 1.37894086
1.375 1.385757836
1.38125 1.392574813
1.3875 1.399391791
1.39375 1.40620877
1.4 1.413025751
1.40625 1.419842733
1.4125 1.426659717
1.41875 1.433476703
1.425 1.440293691
1.43125 1.44711068
1.4375 1.453927672
1.44375 1.460744666
1.45 1.467561662
1.45625 1.47437866
1.4625 1.481195661
1.46875 1.488012665
1.475 1.494829671
1.48125 1.50164668
1.4875 1.508463693
1.49375 1.515280708
1.5 1.522097726
1.50625 1.528914748
1.5125 1.535731773
1.51875 1.542548801
1.525 1.549365833
1.53125 1.556182868
1.5375 1.562999908
1.54375 1.569816951
1.55 1.576633998
1.55625 1.583451049
1.5625 1.590268104
1.56875 1.597085163
1.575 1.603902227
1.58125 1.610719294
1.5875 1.617536367
1.59375 1.624353443
1.6 1.631170524
1.60625 1.63798761
1.6125 1.644804701
1.61875 1.651621796
1.625 1.658438896
1.63125 1.665256001
1.6375 1.672073111
1.64375 1.678890226
1.65 1.685707346
1.65625 1.692524471
1.6625 1.699341601
1.66875 1.706158736
1.675 1.712975877
1.68125 1.719793022
1.6875 1.726610173
1.69375 1.733427329
1.7 1.74024449
1.70625 1.747061657
1.7125 1.753878828
1.71875 1.760696005
1.725 1.767513188
1.73125 1.774330375
1.7375 1.781147568
1.74375 1.787964766
1.75 1.794781969
1.75625 1.801599177
1.7625 1.80841639
1.76875 1.815233608
1.775 1.822050832
1.78125 1.82886806
1.7875 1.835685293
1.79375 1.84250253
1.8 1.849319772
1.80625 1.856137019
1.8125 1.86295427
1.81875 1.869771526
1.825 1.876588785
1.83125 1.883406049
1.8375 1.890223317
1.84375 1.897040588
1.85 1.903857863
1.85625 1.910675141
1.8625 1.917492422
1.86875 1.924309706
1.875 1.931126993
1.88125 1.937944282
1.8875 1.944761574
1.89375 1.951578867
1.9 1.958396162
1.90625 1.965213459
1.9125 1.972030756
1.91875 1.978848054
1.925 1.985665352
1.93125 1.99248265
1.9375 1.999299947
1.94375 2.006117243
1.95 2.012934536
1.95625 2.019751828
1.9625 2.026569116
1.96875 2.033386401
1.975 2.040203681
1.98125 2.047020955
1.9875 2.053838223
1.99375 2.060655482
2 2.067472733
2.00625 2.074289972
2.0125 2.081107199
2.01875 2.087924411
2.025 2.094741605
2.03125 2.101558779
2.0375 2.108375928
2.04375 2.115193049
2.05 2.122010135
2.05625 2.128827179
2.0625 2.135644173
2.06875 2.142461106
2.075 2.149277963
2.08125 2.156094726
2.0875 2.162911373
2.09375 2.169727874
2.1 2.176544189
2.10625 2.183360271
2.1125 2.190176057
2.11875 2.196991471
2.125 2.203806419
2.13125 2.210620794
2.1375 2.217434473
2.14375 2.224247327
2.15 2.231059223
2.15625 2.237870031
2.1625 2.244679631
2.16875 2.251487913
2.175 2.258294779
2.18125 2.265100141
2.1875 2.271903922
2.19375 2.278706051
2.2 2.285506466
2.20625 2.292305113
2.2125 2.299101947
2.21875 2.305896933
2.225 2.31269005
2.23125 2.319481292
2.2375 2.326270671
2.24375 2.333058219
2.25 2.339843988
2.25625 2.346628056
2.2625 2.353410516
2.26875 2.36019148
2.275 2.36697107
2.28125 2.373749406
2.2875 2.380526593
2.29375 2.387302705
2.3 2.394077762
2.30625 2.400851695
2.3125 2.407624312
2.31875 2.414395225
2.325 2.421163734
2.33125 2.427928563
2.3375 2.434687059
2.34375 2.441425918
2.35 2.448118136
2.35625 2.454719617
2.3625 2.46064112
2.36875 2.462961871
2.375 2.463319418
2.38125 2.463502848
2.3875 2.463625031
2.39375 2.463715274
2.4 2.463785726
2.40625 2.463842557
2.4125 2.463889329
2.41875 2.463928306
2.425 2.463961038
2.43125 2.463988649
2.4375 2.464012
2.44375 2.46403177
2.45 2.464048512
2.45625 2.464062684
2.4625 2.464074672
2.46875 2.464084803
2.475 2.464093355
2.48125 2.464100568
2.4875 2.464106644
2.49375 2.464111759
2.5 2.464116061
