# x y  (written by maestro2tex)
0 0.02343151096
0.00625 0.02343431058
0.0125 0.02343759642
0.01875 0.02344144786
0.025 0.02344595649
0.03125 0.02345122824
0.0375 0.02345738637
0.04375 0.02346457537
0.05 0.02347296685
0.05625 0.02348276811
0.0625 0.02349423555
0.06875 0.02350769617
0.075 0.02352358365
0.08125 0.02354250195
0.0875 0.02356534474
0.09375 0.02359353851
0.1 0.0236295937
0.10625 0.02367855319
0.1125 0.02375269736
0.11875 0.02389259176
0.125 0.02435676884
0.13125 0.02970301407
0.1375 0.03640133862
0.14375 0.04311160532
0.15 0.04981470242
0.15625 0.05654356379
0.1625 0.06328742962
0.16875 0.07004165758
0.175 0.07680385795
0.18125 0.0835725753
0.1875 0.09034682635
0.19375 0.09712589916
0.2 0.103909254
0.20625 0.1106964697
0.2125 0.117487212
0.21875 0.1242812141
0.225 0.1310782627
0.23125 0.1378781885
0.2375 0.1446808579
0.24375 0.1514861656
0.25 0.1582940282
0.25625 0.1651043774
0.2625 0.1719171526
0.26875 0.1787322937
0.275 0.1855497341
0.28125 0.1923693933
0.2875 0.1991911711
0.29375 0.2060149424
0.3 0.2128405544
0.30625 0.2196678262
0.3125 0.2264965509
0.31875 0.2333264998
0.325 0.2401574297
0.33125 0.24698909
0.3375 0.2538212315
0.34375 0.2606536137
0.35 0.2674860111
0.35625 0.2743182179
0.3625 0.2811500514
0.36875 0.2879813529
0.375 0.2948119882
0.38125 0.3016418468
0.3875 0.3084708412
0.39375 0.3152989055
0.4 0.322125995
0.40625 0.3289520862
0.4125 0.3357771768
0.41875 0.342601287
0.425 0.3494244591
0.43125 0.3562467567
0.4375 0.3630682614
0.44375 0.3698890668
0.45 0.376709272
0.45625 0.3835289743
0.4625 0.3903482636
0.46875 0.3971672184
0.475 0.4039859051
0.48125 0.4108043776
0.4875 0.4176226792
0.49375 0.4244408438
0.5 0.4312588979
0.50625 0.4380768621
0.5125 0.4448947523
0.51875 0.4517125812
0.525 0.4585303582
0.53125 0.4653480912
0.5375 0.4721657862
0.54375 0.478983448
0.55 0.4858010803
0.55625 0.4926186864
0.5625 0.4994362687
0.56875 0.5062538293
0.575 0.5130713698
0.58125 0.5198888918
0.5875 0.5267063963
0.59375 0.5335238843
0.6 0.5403413566
0.60625 0.5471588141
0.6125 0.5539762571
0.61875 0.5607936864
0.625 0.5676111023
0.63125 0.5744285051
0.6375 0.5812458954
0.64375 0.5880632733
0.65 0.5948806391
0.65625 0.6016979931
0.6625 0.6085153355
0.66875 0.6153326665
0.675 0.6221499862
0.68125 0.6289672948
0.6875 0.6357845926
0.69375 0.6426018795
0.7 0.6494191558
0.70625 0.6562364216
0.7125 0.6630536769
0.71875 0.669870922
0.725 0.6766881568
0.73125 0.6835053816
0.7375 0.6903225964
0.74375 0.6971398013
0.75 0.7039569964
0.75625 0.7107741818
0.7625 0.7175913576
0.76875 0.7244085238
0.775 0.7312256806
0.78125 0.738042828
0.7875 0.7448599662
0.79375 0.7516770952
0.8 0.7584942151
0.80625 0.765311326
0.8125 0.7721284279
0.81875 0.778945521
0.825 0.7857626054
0.83125 0.792579681
0.8375 0.7993967481
0.84375 0.8062138067
0.85 0.8130308569
0.85625 0.8198478987
0.8625 0.8266649324
0.86875 0.8334819578
0.875 0.8402989753
0.88125 0.8471159847
0.8875 0.8539329863
0.89375 0.8607499802
0.9 0.8675669663
0.90625 0.8743839449
0.9125 0.881200916
0.91875 0.8880178796
0.925 0.8948348361
0.93125 0.9016517853
0.9375 0.9084687274
0.94375 0.9152856626
0.95 0.9221025909
0.95625 0.9289195124
0.9625 0.9357364272
0.96875 0.9425533356
0.975 0.9493702374
0.98125 0.956187133
0.9875 0.9630040223
0.99375 0.9698209056
1 0.9766377829
1.00625 0.9834546543
1.0125 0.9902715199
1.01875 0.99708838
1.025 1.003905235
1.03125 1.010722084
1.0375 1.017538928
1.04375 1.024355767
1.05 1.0311726
1.05625 1.03798943
1.0625 1.044806254
1.06875 1.051623074
1.075 1.058439889
1.08125 1.0652567
1.0875 1.072073507
1.09375 1.07889031
1.1 1.085707109
1.10625 1.092523904
1.1125 1.099340695
1.11875 1.106157484
1.125 1.112974269
1.13125 1.11979105
1.1375 1.126607829
1.14375 1.133424605
1.15 1.140241379
1.15625 1.147058149
1.1625 1.153874918
1.16875 1.160691684
1.175 1.167508448
1.18125 1.174325211
1.1875 1.181141972
1.19375 1.187958731
1.2 1.194775489
1.20625 1.201592245
1.2125 1.208409001
1.21875 1.215225756
1.225 1.22204251
1.23125 1.228859264
1.2375 1.235676017
1.24375 1.24249277
1.25 1.249309523
1.25625 1.256126276
1.2625 1.26294303
1.26875 1.269759784
1.275 1.276576539
1.28125 1.283393295
1.2875 1.290210052
1.29375 1.29702681
1.3 1.30384357
1.30625 1.310660331
1.3125 1.317477094
1.31875 1.324293859
1.325 1.331110627
1.33125 1.337927396
1.3375 1.344744168
1.34375 1.351560943
1.35 1.358377721
1.35625 1.365194501
1.3625 1.372011285
1.36875 1.378828072
1.375 1.385644863
1.38125 1.392461657
1.3875 1.399278456
1.39375 1.406095258
1.4 1.412912065
1.40625 1.419728876
1.4125 1.426545691
1.41875 1.433362512
1.425 1.440179337
1.43125 1.446996167
1.4375 1.453813003
1.44375 1.460629843
1.45 1.46744669
1.45625 1.474263541
1.4625 1.481080399
1.46875 1.487897263
1.475 1.494714132
1.48125 1.501531008
1.4875 1.508347891
1.49375 1.515164779
1.5 1.521981674
1.50625 1.528798576
1.5125 1.535615485
1.51875 1.542432401
1.525 1.549249324
1.53125 1.556066254
1.5375 1.562883191
1.54375 1.569700135
1.55 1.576517087
1.55625 1.583334047
1.5625 1.590151014
1.56875 1.596967988
1.575 1.603784971
1.58125 1.610601961
1.5875 1.617418959
1.59375 1.624235965
1.6 1.631052979
1.60625 1.637870001
1.6125 1.644687031
1.61875 1.651504069
1.625 1.658321115
1.63125 1.66513817
1.6375 1.671955232
1.64375 1.678772302
1.65 1.685589381
1.65625 1.692406467
1.6625 1.699223562
1.66875 1.706040665
1.675 1.712857775
1.68125 1.719674894
1.6875 1.726492021
1.69375 1.733309155
1.7 1.740126297
1.70625 1.746943447
1.7125 1.753760604
1.71875 1.760577769
1.725 1.767394941
1.73125 1.77421212
1.7375 1.781029307
1.74375 1.7878465
1.75 1.794663701
1.75625 1.801480908
1.7625 1.808298121
1.76875 1.815115341
1.775 1.821932568
1.78125 1.8287498
1.7875 1.835567038
1.79375 1.842384281
1.8 1.84920153
1.80625 1.856018784
1.8125 1.862836043
1.81875 1.869653306
1.825 1.876470574
1.83125 1.883287845
1.8375 1.89010512
1.84375 1.896922399
1.85 1.903739681
1.85625 1.910556965
1.8625 1.917374251
1.86875 1.924191539
1.875 1.931008829
1.88125 1.93782612
1.8875 1.944643411
1.89375 1.951460702
1.9 1.958277992
1.90625 1.965095281
1.9125 1.971912568
1.91875 1.978729852
1.925 1.985547132
1.93125 1.992364409
1.9375 1.999181679
1.94375 2.005998944
1.95 2.0128162
1.95625 2.019633447
1.9625 2.026450683
1.96875 2.033267906
1.975 2.040085113
1.98125 2.046902303
1.9875 2.053719471
1.99375 2.060536614
2 2.067353726
2.00625 2.074170802
2.0125 2.080987834
2.01875 2.087804812
2.025 2.094621725
2.03125 2.101438557
2.0375 2.108255288
2.04375 2.115071891
2.05 2.121888334
2.05625 2.128704572
2.0625 2.135520549
2.06875 2.142336193
2.075 2.149151415
2.08125 2.155966105
2.0875 2.162780135
2.09375 2.169593363
2.1 2.176405637
2.10625 2.183216805
2.1125 2.190026723
2.11875 2.196835264
2.125 2.203642316
2.13125 2.210447788
2.1375 2.217251606
2.14375 2.224053713
2.15 2.230854065
2.15625 2.237652636
2.1625 2.244449412
2.16875 2.2512444
2.175 2.258037622
2.18125 2.264829126
2.1875 2.271618983
2.19375 2.27840729
2.2 2.285194175
2.20625 2.291979797
2.2125 2.298764341
2.21875 2.305548017
2.225 2.312331059
2.23125 2.319113709
2.2375 2.325896213
2.24375 2.332678807
2.25 2.339461703
2.25625 2.346245081
2.2625 2.353029072
2.26875 2.359813752
2.275 2.366599132
2.28125 2.373385158
2.2875 2.380171698
2.29375 2.386958549
2.3 2.393745421
2.30625 2.400531933
2.3125 2.40731758
2.31875 2.414101682
2.325 2.420883268
2.33125 2.427660814
2.3375 2.43443152
2.34375 2.441185622
2.35 2.447874975
2.35625 2.454435806
2.3625 2.460032753
2.36875 2.461524985
2.375 2.461843644
2.38125 2.462024003
2.3875 2.462148246
2.39375 2.462241638
2.4 2.462315296
2.40625 2.462375069
2.4125 2.462424427
2.41875 2.462465623
2.425 2.462500229
2.43125 2.462529404
2.4375 2.462554047
2.44375 2.462574874
2.45 2.462592473
2.45625 2.462607334
2.4625 2.462619871
2.46875 2.462630435
2.475 2.462639328
2.48125 2.462646803
2.4875 2.462653082
2.49375 2.46265835
2.5 2.462662767
