# x y  (written by maestro2tex)
0 0
0.002 0
0.006 0
0.014 5.987386047e-15
0.03 4.373873666e-14
0.05 6.401145558e-14
0.07 6.727890176e-14
0.085 7.867074e-14
0.1 8.010643551e-14
0.1003125 0.02067366854
0.1006162444 0.04047853858
0.1009301298 0.06067343588
0.101229437 0.07969759623
0.1015947252 0.1026361287
0.1022630131 0.1439008759
0.1035995888 0.2242304874
0.1042306578 0.2613481673
0.1054927959 0.3343839746
0.1063513197 0.3833205187
0.1080683673 0.4798080943
0.109362272 0.5515607338
0.1111026334 0.6470820283
0.1132840281 0.7655703495
0.1151543718 0.8663078224
0.1188950592 1.065978354
0.1227829276 1.271532528
0.1268259036 1.483599035
0.1323451534 1.77077424
0.140739321 2.203076635
0.1516648871 2.75853348
0.1662047511 3.486086878
0.1847584069 4.396457131
0.2047584069 5.35676813
0.2247584069 6.296976034
0.2350466052 6.773325941
0.245913398 7.271326605
0.2544529933 7.659050977
0.2608687784 7.948257889
0.2662701573 8.190327669
0.2709078019 8.397113295
0.2750219361 8.579710614
0.2788018999 8.746747405
0.2823509182 8.902916804
0.2857580257 9.052215242
0.2891246041 9.19911764
0.291898836 9.319706972
0.294128115 9.416310938
0.2959991693 9.497199684
0.2976228615 9.567268683
0.299103515 9.631081557
0.3005652567 9.694021474
0.3014535339 9.732244495
0.3024805381 9.776407472
0.3032406836 9.80906976
0.3039475471 9.839423757
0.3049489684 9.882409756
0.3061151516 9.932474644
0.30703713 9.972078005
0.3079855256 10.01284552
0.3090965484 10.06064025
0.3105647238 10.12384064
0.3121092624 10.19034796
0.3135346953 10.25171797
0.3149896009 10.31432637
0.3165569824 10.38172308
0.3183365141 10.4581635
0.3204822127 10.55021143
0.3232408413 10.66835219
0.3271130954 10.83380253
0.3332979249 11.09714762
0.3442418467 11.56043734
0.3541965951 11.97895309
0.3629334398 12.34406633
0.3709287518 12.6764436
0.3781897034 12.97688495
0.3849524206 13.25553557
0.3914042383 13.52034399
0.3976548849 13.77595552
0.4037934823 14.02610345
0.4098871804 14.27357545
0.4159895829 14.52057295
0.4221506067 14.76911936
0.4284226153 15.02130961
0.4348789103 15.2800483
0.4416571003 15.55076233
0.4478732664 15.79820132
0.4506219045 15.9073576
0.4532570486 16.01185275
0.4547343764 16.07036608
0.4559098753 16.11688671
0.4568958072 16.1558774
0.4588676711 16.23377268
0.459521049 16.25955637
0.4608278049 16.31107655
0.4613790583 16.33279002
0.462481565 16.37617488
0.462962858 16.39509541
0.4639254438 16.43289638
0.4658506155 16.50829796
0.4663319084 16.52710271
0.4672944943 16.56464279
0.469219666 16.6393628
0.4697009589 16.65796008
0.4706635447 16.69502708
0.4725887164 16.76849818
0.4730700093 16.7867141
0.4740325952 16.82291421
0.4759577669 16.89413582
0.4764390598 16.91167401
0.4774016456 16.94635381
0.4793268173 17.01376739
0.4798081103 17.03018588
0.4807706961 17.06240053
0.4826958678 17.12389863
0.4831917125 17.1390683
0.4841834018 17.16846245
0.4861667805 17.22296499
0.4867566146 17.23801717
0.4879362828 17.2663532
0.4885341879 17.2797787
0.4897299983 17.30461061
0.4904049899 17.31740053
0.491754973 17.34018121
0.4925499514 17.35180255
0.4941399081 17.37088164
0.495113304 17.37976023
0.4970600957 17.39091984
0.4982906929 17.3933553
0.4997798789 17.39142679
0.5012568398 17.38417022
0.5028490582 17.37031763
0.5044972403 17.34932353
0.506168606 17.32105939
0.5078084617 17.286445
0.5093738739 17.24699059
0.510839007 17.20434599
0.512194917 17.15991789
0.5134442758 17.11472754
0.514595641 17.06944417
0.515659703 17.0244711
0.5166471002 16.98003682
0.5186218947 16.88331559
0.5193642247 16.8442175
0.5208488848 16.76149497
0.5214836207 16.72426976
0.5227530926 16.64645968
0.5232989678 16.61161267
0.5243907183 16.53940379
0.5248657011 16.50693462
0.5258156667 16.4400783
0.5277155979 16.29873636
0.5280773963 16.27065561
0.528800993 16.21339779
0.5302481864 16.09466763
0.531607067 15.9784153
0.5327706371 15.87569665
0.5338186209 15.78131922
0.5348028006 15.69192347
0.5358942963 15.59346849
0.5366046865 15.53069665
0.5372778036 15.47264335
0.5379293853 15.41757728
0.5385667646 15.36451489
0.5392787666 15.30681416
0.5398824008 15.26050424
0.5404611643 15.22002957
0.5412949092 15.17304559
0.5420774798 15.1468129
0.5428316067 15.1448957
0.5437173586 15.18464948
0.5446145033 15.28935855
0.5455348822 15.49009424
0.5465001649 15.83939082
0.5475206537 16.41578403
0.5485467889 17.27323807
0.549527251 18.4147237
0.5504986285 19.91435515
0.5514954174 21.88797144
0.552559306 24.52741773
0.5537584232 28.20003829
0.5552372396 33.7629015
0.55586075 36.44680435
0.5571077708 42.38784872
0.558969068 52.55435134
0.5606218702 62.73955613
0.5622642659 73.77861077
0.5639716999 86.05803762
0.5646778023 91.34910885
0.5653845699 96.75068068
0.565791916 99.90880266
0.5661579373 102.7722908
0.5668899798 108.5658003
0.567857175 116.3442359
0.5689716353 125.4633511
0.5703299535 136.7754784
0.5720919558 151.7251915
0.5729300097 158.9333623
0.5736731212 165.371892
0.5744198489 171.8834747
0.5750951666 177.8060983
0.576445802 189.7400467
0.5782551343 205.9003081
0.5795954701 217.9947758
0.580610723 227.2246245
0.5814391368 234.8006318
0.5821325795 241.1749444
0.5827556685 246.9303923
0.5833577217 252.5202967
0.5840006623 258.5281003
0.5847071217 265.1902706
0.5852863036 270.7168244
0.5856944096 274.6568779
0.5860686789 278.3136037
0.5864034868 281.6287875
0.5867040664 284.6472736
0.5870300751 287.9706626
0.5872805218 290.557946
0.5875284859 293.146022
0.587740946 295.3821855
0.5879846629 297.9657998
0.5881571436 299.8048932
0.5883014631 301.3497073
0.5884035941 302.4459079
0.5885058122 303.545284
0.5885900252 304.4525847
0.5886995899 305.634981
0.5888217637 306.9558104
0.5889244447 308.0676145
0.5890318804 309.2323462
0.5891533322 310.5505326
0.5892927489 312.0652978
0.5894600325 313.8845286
0.5896700385 316.1700061
0.5899469332 319.1842634
0.5903430888 323.4936723
0.5909936101 330.5460753
0.5921441023 342.8823206
0.5933970706 356.0381295
0.59423491 364.6370873
0.5950168132 372.4978075
0.596042276 382.549791
0.5970210175 391.8610046
0.5986451952 406.6814771
0.6004993731 422.6126088
0.6017391694 432.6675806
0.6031119555 443.2351175
0.6050983587 457.4760816
0.6064775139 466.6474751
0.6079902259 476.06229
0.6094512718 484.5546073
0.6109713094 492.8143191
0.612511487 500.6415567
0.6140861048 508.1388467
0.6156860549 515.2908439
0.6173185637 522.1578186
0.618992801 528.7980127
0.6207322056 535.3113465
0.6224268935 541.3169692
0.6239698649 546.5184983
0.6253892944 551.0964331
0.6267036302 555.1697096
0.6279460149 558.8811428
0.6291466972 562.3451608
0.6303463645 565.6897427
0.6315757014 568.9994478
0.6328692682 572.3561565
0.634267398 575.8410253
0.6358224821 579.5437637
0.6380883553 584.6130448
0.6398091868 588.2049075
0.6421139148 592.6687305
0.644252438 596.4619937
0.6461899968 599.618836
0.6490723276 603.8566461
0.6512389334 606.708104
0.6532408105 609.1122609
0.6554149346 611.4995398
0.6576789272 613.7658123
0.659968012 615.8563042
0.6623381849 617.8344774
0.6648222521 619.7304404
0.6674365371 621.5559882
0.670204727 623.3255583
0.6731481903 625.0495932
0.676282819 626.7344229
0.6796223038 628.3857034
0.683178964 630.0095382
0.686964142 631.6129337
0.6909891326 633.2041104
0.6952655948 634.7922452
0.6998053462 636.3867768
0.7046198522 637.9965064
0.709719584 639.6286154
0.715113477 641.2877328
0.7208087678 642.9752128
0.7268114263 644.6887788
0.7331272978 646.4226465
0.7397639443 648.1681554
0.74673305 649.9148116
0.7540532006 651.6515505
0.761752962 653.3680119
0.7698744975 655.0556981
0.7784784934 656.7090197
0.7876519776 658.3263553
0.7975220621 659.9113589
0.8082819404 661.4749304
0.8202446156 663.038815
0.8339708 664.6437898
0.8506581464 666.3746277
0.8706581464 668.1955528
0.8906581464 669.7896504
0.9106581464 671.1900192
0.9306581464 672.4179598
0.9506581464 673.4891417
0.9706581464 674.4175273
0.9906581464 675.216964
1.010658146 675.9014234
1.030658146 676.4847108
1.050658146 676.9800782
1.070658146 677.3999042
1.085329073 677.6658467
1.1 677.9011344
1.10125 677.8790172
1.1015625 677.8735869
1.1021875 677.8630598
1.1034375 677.8435967
1.1059375 677.8108417
1.108108977 677.7881839
1.11245193 677.7538997
1.121137838 677.7085944
1.136439972 677.6597746
1.156439972 677.6201728
1.176439972 677.5945555
1.196439972 677.5776655
1.216439972 677.5667228
1.236439972 677.5597736
1.256439972 677.5554054
1.276439972 677.5526588
1.296439972 677.5509174
1.316439972 677.5497974
1.336439972 677.5490627
1.356439972 677.5485688
1.376439972 677.5482272
1.396439972 677.5479836
1.416439972 677.5478045
1.436439972 677.5476694
1.456439972 677.547565
1.476439972 677.5474829
1.496439972 677.5474174
1.516439972 677.5473648
1.536439972 677.5473223
1.556439972 677.5472877
1.576439972 677.5472596
1.596439972 677.5472367
1.616439972 677.547218
1.636439972 677.5472028
1.656439972 677.5471904
1.676439972 677.5471803
1.696439972 677.5471721
1.716439972 677.5471655
1.736439972 677.54716
1.756439972 677.5471556
1.776439972 677.547152
1.796439972 677.5471491
1.816439972 677.5471467
1.836439972 677.5471448
1.856439972 677.5471433
1.876439972 677.547142
1.896439972 677.547141
1.916439972 677.5471401
1.936439972 677.5471395
1.956439972 677.5471389
1.976439972 677.5471385
1.988219986 677.5471382
2 677.5471381
