# x y  (written by maestro2tex)
0 0
0.002 0
0.006 0
0.014 2.399822152e-14
0.03 6.995528541e-14
0.05 -1.000508047e-13
0.07 -2.361408841e-13
0.085 -2.041941327e-13
0.1 -5.876052931e-14
0.1002891475 0.1803670364
0.1005799811 0.3600024992
0.1008628895 0.5331392867
0.1011350403 0.6983044832
0.1014634336 0.8959139328
0.1020446145 1.241502842
0.1032069762 1.919073466
0.1050643433 2.972492396
0.1057665011 3.363450457
0.1071708166 4.136051391
0.1082075254 4.699783781
0.1095737758 5.435756522
0.1112100508 6.308726866
0.1134325438 7.48290563
0.1153487362 8.486931694
0.119181121 10.47775766
0.122930183 12.40873875
0.1264409219 14.20575729
0.1310837957 16.56895763
0.1382859954 20.21016564
0.1470485938 24.60567654
0.1578868435 29.99461636
0.172363128 37.11145665
0.190265864 45.76915603
0.2054189757 52.92554212
0.216138118 57.83412601
0.2241448845 61.36175024
0.2304175937 63.99540864
0.2355559253 66.02940569
0.2399860586 67.66174189
0.2439584619 69.00199794
0.2476252583 70.11078774
0.2510931334 71.02403291
0.2544543 71.76485832
0.2574614777 72.29669891
0.2599469187 72.6412921
0.2620590993 72.87078196
0.2639254084 73.03295247
0.2656804869 73.16038751
0.2671140684 73.25088716
0.2681324812 73.30721534
0.2691422836 73.35530326
0.2700749725 73.39432283
0.271140766 73.4403514
0.2725582707 73.52916676
0.2737614002 73.65027154
0.2749325735 73.82253905
0.2762388532 74.08368685
0.2778092307 74.48672522
0.2799002804 75.14161213
0.2815153696 75.71484492
0.2830280658 76.28639635
0.2846144085 76.90789754
0.2863532186 77.60506401
0.2884138734 78.44537946
0.2910140854 79.52286515
0.2945501058 81.01836002
0.2998693272 83.34441221
0.3085457474 87.40183012
0.319539414 93.2406621
0.3293157689 99.41565655
0.3379562357 106.0112439
0.3457582462 113.2617758
0.3528553035 121.2917393
0.3594807696 130.3819272
0.365801476 140.8488646
0.3719276425 153.0335027
0.3779456139 167.3391473
0.3839220333 184.2384216
0.389913641 204.2998394
0.3959767134 228.2327117
0.4021840325 256.9967557
0.4086503984 292.0228157
0.4146567739 329.4565494
0.4176418152 349.7899897
0.4204703004 370.0817357
0.4227471621 387.0994359
0.4243673584 399.5521444
0.4253584088 407.2996838
0.4273405096 423.0711581
0.4280119823 428.4906746
0.4293549277 439.4363121
0.4299256853 444.1282845
0.4310672004 453.5783966
0.4315685495 457.7548389
0.4325712478 466.1517889
0.4330234445 469.9566144
0.4339278379 477.5973978
0.4357366248 492.9914071
0.4361888215 496.8605359
0.4370932149 504.6210077
0.4389020017 520.2215291
0.4393541984 524.1361638
0.4402585918 531.980826
0.4420673787 547.7236721
0.4425195754 551.6689152
0.4434239688 559.56874
0.4452327556 575.3957535
0.4456849524 579.3564872
0.4465893458 587.2795246
0.4483981326 603.1151805
0.4488503293 607.0693609
0.4497547227 614.9663949
0.4515635096 630.6862902
0.4520538638 634.9262165
0.4530345723 643.3671979
0.4549959894 660.0389504
0.4555772459 664.9165855
0.4567397591 674.5629643
0.4573244558 679.3544836
0.4584938492 688.7993177
0.4591452296 693.9749284
0.4604479904 704.1244278
0.4611999634 709.8549191
0.4627039092 721.0172168
0.4635977781 727.4595083
0.4653855159 739.9058477
0.4664710541 747.1828098
0.467767936 755.6052857
0.4690274442 763.5119061
0.4703765871 771.6962401
0.4717732943 779.8754236
0.4732112838 788.0036091
0.4746595227 795.9097511
0.4760889232 803.4568488
0.4774728778 810.5385364
0.4787929034 817.1005942
0.4800390983 823.1344528
0.4812086745 828.6637302
0.4823036185 833.7296921
0.4833285559 838.3801375
0.4842892236 842.6625563
0.4862105589 851.0197412
0.4869470764 854.1539104
0.4884201113 860.3145347
0.4890518247 862.9143706
0.4903152516 868.0423337
0.4908579307 870.216631
0.4919432889 874.5166632
0.4924147427 876.3649396
0.4933576505 880.0275096
0.4952434659 887.2248156
0.4956060033 888.5896973
0.4963310781 891.3024261
0.4977812278 896.6639116
0.499092509 901.4441409
0.5002298681 905.5431426
0.5012718832 909.2642676
0.5022628936 912.7767138
0.5033654225 916.6592197
0.5040739879 919.142202
0.5047478669 921.4952725
0.5054082491 923.791034
0.5060490336 926.0053383
0.5067584521 928.4381901
0.5073702621 930.5193923
0.5079691844 932.5403833
0.5088052888 935.3319644
0.5096087923 937.9791715
0.5103839055 940.4987679
0.511275809 943.3586828
0.5121788092 946.2162766
0.5131079167 949.1251206
0.5140834865 952.1570306
0.5151182136 955.3623522
0.5161370498 958.5223668
0.5171141299 961.5691137
0.5180890182 964.6360901
0.5190942303 967.8373089
0.5201739418 971.3301582
0.5214008696 975.3781598
0.5229400813 980.5847761
0.5235619722 982.732553
0.524805754 987.097879
0.5266193507 993.6107758
0.5282595857 999.6312657
0.5299053901 1005.766787
0.5306142019 1008.433725
0.5311616424 1010.500696
0.5316807979 1012.463953
0.5320286403 1013.780707
0.5323469168 1014.986121
0.5329834697 1017.397283
0.5338291001 1020.598184
0.5347642557 1024.130145
0.5358529048 1028.222366
0.5372112823 1033.276339
0.5379356659 1035.936665
0.5385414669 1038.134132
0.539158443 1040.336764
0.5399163356 1042.972826
0.5414321208 1047.823878
0.5433193237 1052.108328
0.5447367191 1052.636554
0.5458084042 1050.116198
0.5466727903 1045.017285
0.5473934965 1037.623647
0.5480362103 1027.649547
0.548650281 1014.10727
0.5492903495 994.4157138
0.5500295786 961.8898706
0.5504592952 936.5367404
0.5508628727 906.6867577
0.5512786735 867.3142472
0.5516763965 817.7416701
0.5520114851 763.4904066
0.552312535 703.0028316
0.5526364443 623.6258846
0.5528929555 547.5699293
0.5531437265 458.2427897
0.5533612889 367.8870137
0.5535322956 291.3714365
0.5536999861 215.1009909
0.5538488185 149.1088794
0.5539911429 93.45186151
0.5540955048 62.50785357
0.554179794 44.3652669
0.5543111048 25.92042957
0.5544302094 16.32697032
0.5545327781 11.59002365
0.5546449809 8.646814268
0.5547719415 6.900696509
0.554920015 5.941137737
0.5551007672 5.449811827
0.555330789 5.196919067
0.5556429151 5.002381263
0.5561055795 4.739251014
0.5569205298 4.305411442
0.5581345188 3.796220431
0.5594057663 3.406988102
0.560713058 3.110344734
0.5618449828 2.912346312
0.5627722662 2.78056891
0.5638145509 2.659099823
0.5655935687 2.501878362
0.5666566701 2.431872744
0.5685727657 2.339742312
0.5697413202 2.301609754
0.5710723989 2.271785565
0.5723116848 2.255276192
0.5735983257 2.248175691
0.5748857389 2.250092213
0.5761939853 2.26021292
0.5775202619 2.277952056
0.5788747283 2.303028688
0.5802659923 2.33540621
0.5817088175 2.375460793
0.5832240447 2.424098912
0.5848415053 2.482999433
0.5864466496 2.548285406
0.5879210503 2.614127628
0.5892836927 2.679947645
0.5905456981 2.745177814
0.5917346991 2.810425584
0.5928770573 2.876609489
0.5940064664 2.945421197
0.5951550447 3.01881398
0.5963588488 3.099328298
0.5976669901 3.190775612
0.599147359 3.298832247
0.6011692144 3.453267524
0.6028180421 3.584344595
0.6048595206 3.751891362
0.6066695546 3.904559553
0.609127998 4.117049716
0.6111181778 4.292804041
0.6146367271 4.610748123
0.6171339582 4.841355606
0.6193256832 5.046782216
0.6216909756 5.271482732
0.6241116773 5.504453177
0.6266051656 5.747297353
0.6292500618 6.007668508
0.6320627987 6.287179638
0.635051382 6.586445853
0.6382323948 6.906714095
0.6416180853 7.248505619
0.6452183267 7.611723877
0.6490441915 7.995931959
0.6531070763 8.400180241
0.6574180782 8.822865272
0.6619879484 9.261665628
0.66682682 9.713488949
0.6719441401 10.17448858
0.6773491021 10.64018589
0.6830515658 11.10569163
0.6890634782 11.56600825
0.6954007845 12.01638084
0.7020857955 12.45265741
0.7091500625 12.87162864
0.7166380403 13.27134142
0.7246122206 13.65141026
0.7331611342 14.01338792
0.7424130306 14.36131179
0.7525612996 14.70266604
0.7639166301 15.05034388
0.7770307766 15.42735007
0.7930712283 15.88115203
0.8120987865 16.44294612
0.8320987865 17.08877241
0.8520987865 17.80842471
0.8720987865 18.60991544
0.8920987865 19.49501553
0.9120987865 20.46196871
0.9320987865 21.50746085
0.9520987865 22.62783145
0.9720987865 23.81970932
0.9920987865 25.08027536
1.012098787 26.40731548
1.032098787 27.79917478
1.052098787 29.25467903
1.072098787 30.77305696
1.086049393 31.86946812
1.1 32.99630904
1.10125 32.98657411
1.1015625 32.98621035
1.1021875 32.98679283
1.1034375 32.98830419
1.1059375 32.99093965
1.108086051 32.99339498
1.112383152 32.99993067
1.120977356 33.01932647
1.13668109 33.06932999
1.15668109 33.14547849
1.17668109 33.22306543
1.19668109 33.29416575
1.21668109 33.35517799
1.23668109 33.40538495
1.25668109 33.44561457
1.27668109 33.47732995
1.29668109 33.50211121
1.31668109 33.52140434
1.33668109 33.53642699
1.35668109 33.54815638
1.37668109 33.55735428
1.39668109 33.56460446
1.41668109 33.57035035
1.43668109 33.57492792
1.45668109 33.57859214
1.47668109 33.58153744
1.49668109 33.58391317
1.51668109 33.58583496
1.53668109 33.58739307
1.55668109 33.58865857
1.57668109 33.58968777
1.59668109 33.59052565
1.61668109 33.59120826
1.63668109 33.59176466
1.65668109 33.59221836
1.67668109 33.59258839
1.69668109 33.59289024
1.71668109 33.5931365
1.73668109 33.59333741
1.75668109 33.59350133
1.77668109 33.59363507
1.79668109 33.59374419
1.81668109 33.59383322
1.83668109 33.59390585
1.85668109 33.59396511
1.87668109 33.59401346
1.89668109 33.59405291
1.91668109 33.59408509
1.93668109 33.59411135
1.95668109 33.59413277
1.97668109 33.59415024
1.988340545 33.59415886
2 33.59416649
