# x y  (written by maestro2tex)
0 0
0.002 0
0.006 0
0.014 5.963617499e-15
0.03 3.257083095e-14
0.05 3.49273416e-14
0.07 4.282512443e-14
0.085 4.606582252e-14
0.1 4.763547446e-14
0.100078125 0.005778784575
0.1001976489 0.01456345845
0.1003190121 0.02341416728
0.100437774 0.032012016
0.1005707973 0.04157189664
0.1007387262 0.0535386786
0.1010069052 0.07242653496
0.1015432633 0.1094506896
0.1024213742 0.1682078836
0.1041631201 0.2795458115
0.1047331501 0.3148344407
0.1058732101 0.3841169531
0.1066501025 0.430504483
0.1082038872 0.5216968464
0.1093427799 0.5874640453
0.1108403447 0.6728626483
0.1126467951 0.7745838125
0.1151329697 0.9128198105
0.1172743017 1.030626591
0.1197251254 1.16434604
0.1232573053 1.355398551
0.1276560415 1.591124811
0.1327620228 1.862260085
0.1393716239 2.209871697
0.1486901541 2.694278571
0.1614516623 3.347910636
0.1777193565 4.166024075
0.1974660099 5.138010709
0.2168924909 6.07341649
0.2267609553 6.541219557
0.2371564385 7.028877765
0.2453276472 7.408577409
0.2515066911 7.693601531
0.256761772 7.934561702
0.2613303641 8.142941299
0.2654547845 8.330155859
0.2690725545 8.493646251
0.2721432417 8.631868468
0.2749070906 8.755837932
0.2780234519 8.895073011
0.2795497237 8.963033892
0.2810227064 9.028460511
0.2825531667 9.096262666
0.284615154 9.187330726
0.2869095141 9.288319391
0.2887411176 9.368730354
0.2903984008 9.441389654
0.2917860487 9.502208203
0.2929966649 9.555291024
0.2941708946 9.606823603
0.2954394543 9.662558067
0.2970920326 9.735252592
0.2986067851 9.801943799
0.3001378212 9.869373601
0.3015750183 9.932660698
0.3030178703 9.9961639
0.3045732804 10.0645658
0.3063427573 10.14229779
0.3084791739 10.23601974
0.3112326874 10.35659773
0.3151057962 10.52579286
0.3212789108 10.79448434
0.3293144736 11.14247889
0.3368099297 11.46533461
0.3437812979 11.76414398
0.3503667503 12.04514399
0.3566055933 12.3102466
0.3626305147 12.56526102
0.3685380457 12.81437655
0.3743944172 13.06044625
0.3802569971 13.30591056
0.3861760908 13.55288121
0.3922039227 13.80352035
0.3984097525 14.06066443
0.4049260258 14.32971122
0.4110797022 14.58288776
0.4138573334 14.69687623
0.4165208657 14.80600348
0.4180202861 14.8673544
0.4192086246 14.91593179
0.420206125 14.95667469
0.4222011258 15.03805517
0.4228604135 15.06491585
0.4241789889 15.1185782
0.4247352587 15.14119132
0.4258477984 15.18636383
0.4263337966 15.20607256
0.4273057928 15.24543792
0.4292497854 15.3239049
0.4297357835 15.34346132
0.4307077798 15.38248168
0.4326517723 15.46003994
0.4331377705 15.47931859
0.4341097667 15.51770467
0.4360537593 15.59358951
0.4365397574 15.61235788
0.4375117537 15.64958704
0.4394557462 15.72249859
0.4399417444 15.74037767
0.4409137406 15.77562563
0.4428577332 15.84366918
0.4433437313 15.86013683
0.4443157276 15.89231281
0.4462597201 15.9531907
0.4468192957 15.96981287
0.4479384468 16.00170612
0.4485011854 16.01703448
0.4496266626 16.0461685
0.4502579635 16.06159231
0.4515205654 16.09034727
0.45225389 16.10573016
0.4537205392 16.13344533
0.4545945955 16.14797752
0.456342708 16.17240113
0.4574034477 16.18413399
0.4586542098 16.19488717
0.459882069 16.20212867
0.461206809 16.20618204
0.462600577 16.20615381
0.4640729862 16.20125565
0.4656113176 16.19070248
0.4672018672 16.17385275
0.4688235394 16.15035768
0.4704514525 16.12025955
0.4720590531 16.08403871
0.4736219795 16.04254616
0.4751212033 15.99685003
0.4765445943 15.94805558
0.4778866235 15.89716593
0.4791469108 15.84501052
0.4803284544 15.79223237
0.4814360913 15.73930987
0.482475385 15.68659167
0.4834519255 15.63433172
0.4854050066 15.52180949
0.4861519151 15.47592275
0.4876457322 15.37936124
0.4882838472 15.33614899
0.4895600772 15.24617514
0.4901049278 15.20631167
0.4911946291 15.12397366
0.4916666755 15.08722047
0.4926107682 15.01175302
0.4944989537 14.85309915
0.4964143131 14.68206075
0.4979545011 14.53778271
0.4992423538 14.41331427
0.5003559733 14.30372193
0.5013930384 14.20101534
0.5025327985 14.08908685
0.5033403554 14.01155274
0.5040995712 13.94079138
0.5048028142 13.87699059
0.5054593405 13.81841008
0.5062052745 13.7531392
0.5068875753 13.69603946
0.5074919493 13.64931554
0.5082432602 13.59976225
0.5091554944 13.55920578
0.509949409 13.54846513
0.5108216392 13.57370939
0.5117976944 13.66564493
0.512779738 13.85029197
0.5137912604 14.17060166
0.5148446503 14.6899884
0.5159462144 15.49568406
0.5169956133 16.57332078
0.5180166219 17.96958843
0.5190506912 19.78706637
0.5201315219 22.16975845
0.5213118287 25.37907667
0.5226813318 29.92958053
0.5244790499 37.24575036
0.5251548223 40.38223263
0.5265063671 47.24619992
0.528372402 57.89800507
0.5301112405 68.90622794
0.5318899246 81.08289823
0.532629758 86.39349292
0.5332267302 90.76971419
0.5337494117 94.66274969
0.5342013645 98.07251382
0.5346655986 101.6142381
0.5354409363 107.6113185
0.536408871 115.2296812
0.5375314196 124.2294361
0.5389077654 135.4758348
0.5405530513 149.1841829
0.5413799482 156.1702393
0.5420588306 161.9509735
0.5426607957 167.1082393
0.543864726 177.5037892
0.5456393258 193.0087635
0.547002367 205.0581453
0.5480384947 214.2976022
0.548887148 221.9178456
0.5495974911 228.3348636
0.5502329665 234.108685
0.5508442304 239.6968107
0.551491448 245.658894
0.5521852438 252.1188874
0.5527893119 257.8227769
0.5532143518 261.894435
0.5535918455 265.5628312
0.5539087214 268.6881407
0.5541824256 271.4256069
0.5544524203 274.1609726
0.5547066711 276.7659875
0.5549412299 279.1912893
0.5551618248 281.489087
0.5553110155 283.051447
0.5554544687 284.5593477
0.5556062251 286.1598526
0.5557009955 287.1618891
0.5557959091 288.1672192
0.5558794273 289.0532357
0.5559916028 290.2451586
0.5561110102 291.516068
0.5562118829 292.591223
0.5563181642 293.7253045
0.5564380589 295.0059519
0.556575669 296.4771673
0.5567405785 298.2415971
0.5569470396 300.4517543
0.5572182242 303.3548932
0.5576037945 307.4784235
0.5582295404 314.1457441
0.5593467282 325.9148895
0.5605834016 338.6641618
0.5614417748 347.3047129
0.5622456718 355.2196032
0.5632335348 364.6950921
0.564195933 373.6507959
0.565835364 388.2607263
0.5676812217 403.7160131
0.5696765282 419.2218153
0.5710195023 428.956029
0.5724570731 438.7589582
0.5738348601 447.5733533
0.5752626362 456.1371505
0.5767058933 464.2428968
0.5781801406 471.997894
0.5796731705 479.361757
0.5811893107 486.386091
0.5827303132 493.1063383
0.5843041585 499.5795101
0.5859248457 505.8760803
0.5876184974 512.0965234
0.5892150707 517.6548426
0.5906849775 522.5314778
0.5920399242 526.8365939
0.5933068307 530.7064739
0.5945144927 534.2619461
0.595696177 537.6194682
0.5968890717 540.8904292
0.5981233697 544.1523249
0.5994358352 547.4860036
0.6008723165 550.9767737
0.6031244829 556.1185154
0.6047322528 559.541694
0.6069151505 563.8607162
0.6090044689 567.6452846
0.6108851497 570.7684195
0.6135837608 574.8099731
0.6156449213 577.5721117
0.6175505567 579.8983087
0.6200777585 582.6858285
0.6223435398 584.9293583
0.6245457325 586.9074928
0.6268656616 588.8040828
0.6292714256 590.5949806
0.6317822952 592.2994331
0.634442242 593.9478287
0.6372713749 595.5500004
0.6402848993 597.1121764
0.6434995107 598.641619
0.6469287976 600.1447519
0.6505844547 601.6283345
0.6544782425 603.1003133
0.6586220812 604.5694561
0.6630278877 606.0447196
0.6677072935 607.5344614
0.672671052 609.045497
0.6779284863 610.5821929
0.6834873129 612.1457752
0.6893540444 613.7339965
0.6955351067 615.3412738
0.7020386846 616.9593184
0.7088771628 618.5781568
0.7160699815 620.1873479
0.7236468416 621.7771971
0.7316515205 623.3398464
0.740147105 624.870249
0.749224309 626.3671557
0.7590161187 627.8343493
0.7697256791 629.2825555
0.7816846994 630.7330408
0.7954956444 632.2260676
0.8124821901 633.8478115
0.8324821901 635.5172962
0.8524821901 636.9753888
0.8724821901 638.2542399
0.8924821901 639.3746829
0.9124821901 640.352023
0.9324821901 641.1996586
0.9524821901 641.9305641
0.9724821901 642.5575651
0.9924821901 643.093147
1.01248219 643.549175
1.03248219 643.9366613
1.05248219 644.2656157
1.07248219 644.544979
1.086241095 644.7120682
1.1 644.8616009
1.10125 644.8332068
1.1015625 644.8262126
1.1021875 644.8125761
1.1034375 644.7869854
1.1059375 644.7423743
1.108020033 644.7110937
1.112185099 644.6597999
1.120515232 644.5822712
1.135789994 644.4790906
1.155789994 644.3805432
1.175789994 644.3070792
1.195789994 644.2513005
1.215789994 644.2087154
1.235789994 644.1759746
1.255789994 644.1505438
1.275789994 644.1305696
1.295789994 644.1147222
1.315789994 644.1020439
1.335789994 644.091835
1.355789994 644.0835737
1.375789994 644.0768639
1.395789994 644.0713995
1.415789994 644.0669409
1.435789994 644.0632982
1.455789994 644.0603194
1.475789994 644.0578822
1.495789994 644.0558873
1.515789994 644.0542542
1.535789994 644.0529171
1.555789994 644.0518223
1.575789994 644.0509259
1.595789994 644.050192
1.615789994 644.0495911
1.635789994 644.0490991
1.655789994 644.0486963
1.675789994 644.0483665
1.695789994 644.0480966
1.715789994 644.0478756
1.735789994 644.0476947
1.755789994 644.0475466
1.775789994 644.0474253
1.795789994 644.0473261
1.815789994 644.0472448
1.835789994 644.0471783
1.855789994 644.0471239
1.875789994 644.0470793
1.895789994 644.0470429
1.915789994 644.047013
1.935789994 644.0469886
1.955789994 644.0469686
1.975789994 644.0469522
1.987894997 644.0469438
2 644.0469364
