# x y  (written by maestro2tex)
20 24.1648158
22.95454545 24.2898795
25.90909091 24.41435795
28.86363636 24.53826741
31.81818182 24.66163454
34.77272727 24.78448528
37.72727273 24.90684476
40.68181818 25.02873723
43.63636364 25.15018604
46.59090909 25.27121363
49.54545455 25.39184146
52.5 25.51209001
55.45454545 25.63197881
58.40909091 25.75152638
61.36363636 25.8707503
64.31818182 25.98966719
67.27272727 26.10829272
70.22727273 26.22664165
73.18181818 26.34472786
76.13636364 26.46256436
79.09090909 26.58016334
82.04545455 26.69753622
85 26.81469365
