# x y  (written by maestro2tex)
0 -22.88392015
0.00625 -22.8829222
0.0125 -22.88183678
0.01875 -22.88065602
0.025 -22.8793715
0.03125 -22.87797431
0.0375 -22.87645523
0.04375 -22.87480497
0.05 -22.87301464
0.05625 -22.87107645
0.0625 -22.86898476
0.06875 -22.86673733
0.075 -22.86433662
0.08125 -22.86179058
0.0875 -22.8591124
0.09375 -22.85631913
0.1 -22.85342941
0.10625 -22.85046119
0.1125 -22.84743024
0.11875 -22.84434939
0.125 -22.84122862
0.13125 -22.83807541
0.1375 -22.83489529
0.14375 -22.83169229
0.15 -22.82846935
0.15625 -22.8252286
0.1625 -22.82197159
0.16875 -22.81869947
0.175 -22.81541307
0.18125 -22.81211299
0.1875 -22.80879969
0.19375 -22.80547347
0.2 -22.80213457
0.20625 -22.79878314
0.2125 -22.79541928
0.21875 -22.79204304
0.225 -22.78865445
0.23125 -22.78525349
0.2375 -22.78184015
0.24375 -22.77841437
0.25 -22.7749761
0.25625 -22.77152526
0.2625 -22.76806177
0.26875 -22.76458553
0.275 -22.76109645
0.28125 -22.75759441
0.2875 -22.75407931
0.29375 -22.75055102
0.3 -22.74700941
0.30625 -22.74345437
0.3125 -22.73988575
0.31875 -22.73630341
0.325 -22.73270722
0.33125 -22.72909702
0.3375 -22.72547267
0.34375 -22.721834
0.35 -22.71818087
0.35625 -22.7145131
0.3625 -22.71083053
0.36875 -22.70713299
0.375 -22.70342029
0.38125 -22.69969226
0.3875 -22.69594871
0.39375 -22.69218944
0.4 -22.68841425
0.40625 -22.68462292
0.4125 -22.68081525
0.41875 -22.676991
0.425 -22.67314992
0.43125 -22.66929177
0.4375 -22.66541627
0.44375 -22.66152314
0.45 -22.65761206
0.45625 -22.65368271
0.4625 -22.64973472
0.46875 -22.6457677
0.475 -22.6417812
0.48125 -22.63777476
0.4875 -22.63374784
0.49375 -22.62969984
0.5 -22.62563009
0.50625 -22.62153782
0.5125 -22.61742217
0.51875 -22.61328213
0.525 -22.60911658
0.53125 -22.60492417
0.5375 -22.60070339
0.54375 -22.59645243
0.55 -22.59216921
0.55625 -22.58785128
0.5625 -22.58349578
0.56875 -22.57909932
0.575 -22.57465793
0.58125 -22.57016691
0.5875 -22.56562071
0.59375 -22.56101278
0.6 -22.55633537
0.60625 -22.55157928
0.6125 -22.54673366
0.61875 -22.5417856
0.625 -22.53671987
0.63125 -22.53151839
0.6375 -22.52615974
0.64375 -22.52061857
0.65 -22.51486481
0.65625 -22.50886287
0.6625 -22.50257055
0.66875 -22.49593784
0.675 -22.48890547
0.68125 -22.48140324
0.6875 -22.47334809
0.69375 -22.46464201
0.7 -22.45516957
0.70625 -22.44479538
0.7125 -22.43336146
0.71875 -22.42068499
0.725 -22.40655694
0.73125 -22.39074045
0.7375 -22.37296776
0.74375 -22.35293626
0.75 -22.33030544
0.75625 -22.30469534
0.7625 -22.27568618
0.76875 -22.24281919
0.775 -22.20559884
0.78125 -22.16349665
0.7875 -22.11595688
0.79375 -22.06240407
0.8 -22.00225233
0.80625 -21.93491623
0.8125 -21.85982272
0.81875 -21.77642364
0.825 -21.68420809
0.83125 -21.58271393
0.8375 -21.47153784
0.84375 -21.35034328
0.85 -21.21886599
0.85625 -21.0769169
0.8625 -20.92438243
0.86875 -20.76122239
0.875 -20.58746584
0.88125 -20.40320532
0.8875 -20.20859006
0.89375 -20.00381836
0.9 -19.78912993
0.90625 -19.56479813
0.9125 -19.33112276
0.91875 -19.08842326
0.925 -18.83703274
0.93125 -18.57729264
0.9375 -18.30954817
0.94375 -18.03414453
0.95 -17.75142372
0.95625 -17.46172206
0.9625 -17.16536817
0.96875 -16.8626815
0.975 -16.55397126
0.98125 -16.2395356
0.9875 -15.91966123
0.99375 -15.5946231
1 -15.26468444
1.00625 -14.93009679
1.0125 -14.59110025
1.01875 -14.24792376
1.025 -13.90078551
1.03125 -13.54989327
1.0375 -13.19544492
1.04375 -12.83762883
1.05 -12.47662437
1.05625 -12.11260237
1.0625 -11.74572559
1.06875 -11.37614914
1.075 -11.00402096
1.08125 -10.62948223
1.0875 -10.25266778
1.09375 -9.873706506
1.1 -9.492721707
1.10625 -9.109831485
1.1125 -8.72514907
1.11875 -8.338783155
1.125 -7.950838204
1.13125 -7.56141475
1.1375 -7.170609677
1.14375 -6.778516488
1.15 -6.385225559
1.15625 -5.990824387
1.1625 -5.595397817
1.16875 -5.199028265
1.175 -4.80179593
1.18125 -4.403778999
1.1875 -4.005053838
1.19375 -3.605695182
1.2 -3.205776313
1.20625 -2.805369241
1.2125 -2.404544866
1.21875 -2.003373148
1.225 -1.601923267
1.23125 -1.200263779
1.2375 -0.7984627757
1.24375 -0.3965880347
1.25 0.005292827176
1.25625 0.4071122018
1.2625 0.8088023382
1.26875 1.21029519
1.275 1.611522261
1.28125 2.01241445
1.2875 2.412901892
1.29375 2.812913797
1.3 3.21237828
1.30625 3.611222197
1.3125 4.009370962
1.31875 4.40674837
1.325 4.803276402
1.33125 5.198875033
1.3375 5.593462022
1.34375 5.986952698
1.35 6.379259737
1.35625 6.770292921
1.3625 7.159958891
1.36875 7.548160886
1.375 7.934798469
1.38125 8.319767233
1.3875 8.702958501
1.39375 9.084258997
1.4 9.463550514
1.40625 9.840709556
1.4125 10.21560696
1.41875 10.5881075
1.425 10.95806949
1.43125 11.32534433
1.4375 11.68977608
1.44375 12.05120099
1.45 12.40944701
1.45625 12.76433332
1.4625 13.11566979
1.46875 13.46325654
1.475 13.80688341
1.48125 14.14632948
1.4875 14.48136262
1.49375 14.81173909
1.5 15.13720316
1.50625 15.45748687
1.5125 15.77230987
1.51875 16.08137935
1.525 16.38439029
1.53125 16.68102582
1.5375 16.97095788
1.54375 17.25384831
1.55 17.52935027
1.55625 17.79711016
1.5625 18.05677018
1.56875 18.30797145
1.575 18.55035788
1.58125 18.78358084
1.5875 19.00730462
1.59375 19.22121266
1.6 19.42501462
1.60625 19.61845406
1.6125 19.80131651
1.61875 19.97343783
1.625 20.13471232
1.63125 20.28510016
1.6375 20.4246338
1.64375 20.55342265
1.65 20.67165555
1.65625 20.77960081
1.6625 20.87760333
1.66875 20.96607897
1.675 21.04550612
1.68125 21.11641515
1.6875 21.1793761
1.69375 21.23498547
1.7 21.28385287
1.70625 21.32658821
1.7125 21.36379018
1.71875 21.39603627
1.725 21.42387486
1.73125 21.44781927
1.7375 21.46834382
1.74375 21.48588166
1.75 21.50082412
1.75625 21.51352131
1.7625 21.52428373
1.76875 21.53338488
1.775 21.54106494
1.78125 21.54753444
1.7875 21.55297676
1.79375 21.55755016
1.8 21.56139012
1.80625 21.56461203
1.8125 21.56731383
1.81875 21.56957838
1.825 21.57147564
1.83125 21.57306454
1.8375 21.57439468
1.84375 21.57550779
1.85 21.57643892
1.85625 21.57721756
1.8625 21.57786845
1.86875 21.57841237
1.875 21.57886676
1.88125 21.57924625
1.8875 21.57956309
1.89375 21.57982756
1.9 21.58004826
1.90625 21.58023238
1.9125 21.58038595
1.91875 21.580514
1.925 21.58062076
1.93125 21.58070973
1.9375 21.58078387
1.94375 21.58084563
1.95 21.58089706
1.95625 21.58093988
1.9625 21.58097552
1.96875 21.58100518
1.975 21.58102985
1.98125 21.58105036
1.9875 21.58106742
1.99375 21.5810816
2 21.58109339
2.00625 21.58110318
2.0125 21.58111131
2.01875 21.58111807
2.025 21.58112368
2.03125 21.58112834
2.0375 21.58113221
2.04375 21.58113542
2.05 21.58113809
2.05625 21.58114031
2.0625 21.58114214
2.06875 21.58114367
2.075 21.58114494
2.08125 21.58114599
2.0875 21.58114686
2.09375 21.58114759
2.1 21.58114819
2.10625 21.58114869
2.1125 21.5811491
2.11875 21.58114945
2.125 21.58114973
2.13125 21.58114997
2.1375 21.58115017
2.14375 21.58115033
2.15 21.58115047
2.15625 21.58115058
2.1625 21.58115067
2.16875 21.58115075
2.175 21.58115081
2.18125 21.58115087
2.1875 21.58115091
2.19375 21.58115095
2.2 21.58115098
2.20625 21.58115101
2.2125 21.58115103
2.21875 21.58115104
2.225 21.58115106
2.23125 21.58115107
2.2375 21.58115108
2.24375 21.58115109
2.25 21.5811511
2.25625 21.5811511
2.2625 21.58115111
2.26875 21.58115111
2.275 21.58115111
2.28125 21.58115112
2.2875 21.58115112
2.29375 21.58115112
2.3 21.58115112
2.30625 21.58115112
2.3125 21.58115112
2.31875 21.58115112
2.325 21.58115113
2.33125 21.58115113
2.3375 21.58115113
2.34375 21.58115113
2.35 21.58115113
2.35625 21.58115113
2.3625 21.58115113
2.36875 21.58115113
2.375 21.58115113
2.38125 21.58115113
2.3875 21.58115113
2.39375 21.58115113
2.4 21.58115113
2.40625 21.58115113
2.4125 21.58115113
2.41875 21.58115113
2.425 21.58115113
2.43125 21.58115113
2.4375 21.58115113
2.44375 21.58115113
2.45 21.58115113
2.45625 21.58115113
2.4625 21.58115113
2.46875 21.58115113
2.475 21.58115113
2.48125 21.58115113
2.4875 21.58115113
2.49375 21.58115113
2.5 21.58115113
