# x y  (written by maestro2tex)
0 0
0.02 -1.405290196e-08
0.06 -4.486327194e-08
0.14 -7.613253764e-08
0.2 -7.636653981e-08
0.2000077251 0.04124041021
0.2000135278 0.04300972913
0.2000251331 0.08791830711
0.2000483438 0.1872626692
0.2000947651 0.4503849445
0.2001876077 1.206898756
0.2003094881 2.574908133
0.2004247881 4.144571744
0.2005486562 5.986135211
0.2006846589 8.019023347
0.2008487822 10.23434457
0.2010029276 11.82885967
0.2011640954 12.84929028
0.2013187007 13.32858212
0.2014847952 13.61528964
0.2016476639 13.83826442
0.2017906453 14.01611521
0.2019394099 14.18084197
0.2021060203 14.34424468
0.2022958009 14.50495181
0.2025163589 14.6591681
0.2027771379 14.80032032
0.2030928303 14.91958007
0.2034868134 15.0034422
0.2039752315 15.02900444
0.2044844996 14.98384205
0.2049080405 14.89945454
0.205251362 14.8013143
0.2055602868 14.6901541
0.205736365 14.61526997
0.2059045822 14.53839968
0.206103331 14.44865827
0.2062576895 14.37904291
0.20643206 14.29979618
0.2067121024 14.17218325
0.2071996511 13.95137243
0.2076413943 13.75512132
0.2080500589 13.57941253
0.2085097799 13.38896069
0.2090580877 13.17047437
0.2095290438 12.98912289
0.21 12.81256468
0.2100756914 12.77980064
0.2101566435 12.74700511
0.2102635296 12.7035783
0.2104773017 12.61642396
0.2107764702 12.49535601
0.2110968233 12.36858841
0.211476615 12.22343121
0.2119572269 12.04696189
0.2126407167 11.78786435
0.213043901 11.59070961
0.213461489 11.37063713
0.2138670333 11.19811875
0.2143306977 11.05783712
0.2148394028 10.94242818
0.2152145441 10.86897812
0.2155998879 10.79640461
0.2160602485 10.70953097
0.2166741515 10.59190377
0.2176575156 10.40110679
0.2191547326 10.11151921
0.2208216634 9.796871615
0.2227587902 9.446283818
0.2242664989 9.184161492
0.2253503871 8.99820354
0.2263693743 8.824898748
0.2276618366 8.61039899
0.2288434111 8.421065347
0.2300392448 8.23620738
0.2316071364 8.003454281
0.2338206583 7.691500378
0.2366129262 7.324698689
0.238618046 7.081769668
0.2400772705 6.916910849
0.2413471162 6.780888585
0.2426239756 6.649584102
0.2438797961 6.546599293
0.244959084 6.656558689
0.2459056754 7.467789253
0.2468010837 9.517133109
0.2477050747 12.52819134
0.2488357899 15.74911785
0.2501822043 17.65344501
0.2512164237 18.05685403
0.2523100028 18.08642029
0.2536634094 17.95565824
0.2555928464 17.66105586
0.2588938165 17.06949241
0.2618921277 16.53867773
0.2648014224 16.07882624
0.2682251035 15.61473305
0.2716247579 15.22333858
0.2751578457 14.87806994
0.2796230935 14.51888274
0.2862878009 14.11374387
0.2968709826 13.69780639
0.3090791014 13.43198168
0.3234135775 13.27802964
0.3408824983 13.20184928
0.3558909947 13.1803649
0.3837160163 13.1772414
0.4035951419 13.18211924
0.443353393 13.1913775
0.4715965431 13.19448025
0.4991502555 13.19571966
0.5357410411 13.1959934
0.5838954353 13.19525104
0.645149618 13.19374416
0.7254321348 13.19168266
0.8171698125 13.18935636
0.9185515113 13.18650486
1.031532924 13.18258318
1.157283902 13.17680508
1.297771873 13.16768204
1.456450844 13.15410599
1.616661784 13.14168615
1.746812994 13.13136271
1.846387095 13.06813398
1.867025861 12.90031677
1.883457408 12.7594635
1.898948569 12.64529475
1.929930892 12.39757581
1.95208174 12.17050109
1.968250864 11.91077338
1.974374403 11.76811513
1.986621483 11.35595975
1.990772709 11.16410787
1.999075162 10.68120045
2.015680067 9.303865827
2.020920947 8.768730448
2.031402707 7.619612662
2.052366228 5.316925822
2.071862611 3.519671415
2.077435086 3.106978663
2.088580038 2.391515149
2.093895731 2.104236487
2.104527118 1.617564795
2.110537181 1.390650438
2.122557308 1.020329447
2.129786068 0.8450388257
2.144243587 0.5742301953
2.153565457 0.4464552011
2.172209198 0.2653720657
2.185511493 0.1819470871
2.202695231 0.1107576765
2.223127564 0.05992704773
2.240757562 0.03496634203
2.27601756 0.009791730982
2.30774313 0.001768912563
2.344636866 -0.0007439921614
2.400742796 -0.0009944455581
2.470616896 -0.0004211065406
2.555405316 -2.970539412e-05
2.664046024 6.589280366e-05
2.809745763 3.135605656e-05
3.009745763 -1.561263258e-06
3.209745763 -5.842746724e-06
3.409745763 -2.816510344e-06
3.609745763 -6.980949564e-07
3.809745763 3.432855129e-09
4.009745763 1.02260038e-07
4.209745763 6.413776845e-08
4.409745763 2.52004228e-08
4.609745763 6.232414216e-09
4.809745763 2.957161425e-11
5.009745763 -1.000623738e-09
5.209745763 -6.687087949e-10
5.409745763 -2.780978572e-10
5.609745763 -7.354956488e-11
5.809745763 -2.588532687e-12
6.009745763 1.046255096e-11
6.209745763 7.318364664e-12
6.409745763 3.103528719e-12
6.609745763 8.67361738e-13
6.809745763 4.065758147e-14
7.009745763 -1.084202172e-13
7.209745763 -8.131516294e-14
7.409745763 -5.421010862e-14
7.609745763 4.065758147e-14
7.809745763 -1.355252716e-14
8.009745763 -1.355252716e-14
8.209745763 -1.355252716e-14
8.409745763 -1.355252716e-14
8.609745763 -1.355252716e-14
8.809745763 -1.355252716e-14
9.009745763 -1.355252716e-14
9.209745763 -1.355252716e-14
9.409745763 -1.355252716e-14
9.609745763 -1.355252716e-14
9.809745763 -1.355252716e-14
10.00974576 -1.355252716e-14
10.10987288 2.710505431e-14
10.21 -5.421010862e-14
10.21003906 -0.009351507691
10.21011719 -0.02499254281
10.21027344 -0.06339294986
10.21058594 -0.1375043158
10.21099963 -0.1982858454
10.21153055 -0.2150879816
10.21221311 -0.1474996725
10.2124178 -0.08838482215
10.21282719 0.326816892
10.21313945 0.9908282209
10.21336338 1.432006873
10.21356529 1.681048122
10.21374709 1.780478601
10.21393863 1.805937768
10.2141813 1.771302235
10.2143592 1.716263393
10.21455531 1.642130927
10.21477264 1.554734462
10.21497829 1.472532502
10.21517086 1.39848126
10.21537769 1.323451673
10.21579134 1.188143648
10.2158697 1.165277225
10.21598996 1.132115454
10.21608881 1.107252935
10.21619934 1.079110823
10.21629029 1.055873661
10.21638023 1.033300072
10.21649611 1.004824644
10.21665132 0.9680150969
10.21682781 0.9282330164
10.21705342 0.8807026971
10.21739596 0.8154159277
10.21784768 0.7407903273
10.21842106 0.6618677876
10.2191504 0.5814491362
10.22 0.5088436392
10.22013106 0.5096614893
10.22024663 0.5010715156
10.22039802 0.4894616751
10.22070079 0.4661469719
10.22125342 0.4262728057
10.22216033 0.3463874995
10.22257654 -0.002540855679
10.22302484 -2.017820144
10.22345492 -5.8109827
10.22395164 -9.415051819
10.22446822 -10.81139848
10.22487021 -10.65425554
10.22530155 -9.919423179
10.22583752 -8.647198054
10.22661021 -6.4775372
10.2278212 -3.422886097
10.22907776 -1.51219006
10.23018365 -0.7157717633
10.23132601 -0.3568674894
10.23263453 -0.2026629243
10.23429353 -0.1667044975
10.23622862 -0.2197434576
10.23808631 -0.3187365597
10.24009906 -0.4455767808
10.24249194 -0.5892688431
10.2457726 -0.7460262568
10.25160454 -0.9299776321
10.25765034 -1.044599977
10.26445512 -1.129276884
10.27371623 -1.207243851
10.28778555 -1.282045736
10.3091034 -1.348619208
10.32484684 -1.378051693
10.35633373 -1.41740591
10.38141225 -1.435876685
10.40626773 -1.447438363
10.43884654 -1.45713806
10.47746512 -1.464320962
10.5234623 -1.470079614
10.58176996 -1.47565987
10.65908336 -1.481797255
10.76601347 -1.488785965
10.91363099 -1.496209881
11.10728985 -1.503180628
11.30728985 -1.508303194
11.50728985 -1.5121379
11.70728985 -1.515148566
11.90728985 -1.517623084
12.10728985 -1.51981225
12.30728985 -1.522070175
12.50728985 -1.524991279
12.70728985 -1.529175945
12.90728985 -1.534346628
13.10728985 -1.539162718
13.30537556 -1.542568343
13.50537556 -1.544602595
13.70537556 -1.545762633
13.90537556 -1.546479557
14.10537556 -1.546953036
14.30537556 -1.547272757
14.50537556 -1.547486492
14.70537556 -1.547621896
14.90537556 -1.547695546
15.10537556 -1.547717812
15.30537556 -1.547695476
15.50537556 -1.547633092
15.70537556 -1.547533723
15.90537556 -1.547399379
16.10537556 -1.547231349
16.30537556 -1.547030457
16.50537556 -1.54679724
16.70537556 -1.54653203
16.90537556 -1.546234951
17.10537556 -1.545905865
17.30537556 -1.54554432
17.50537556 -1.545149527
17.70537556 -1.544720342
17.90537556 -1.544255274
18.10537556 -1.543752475
18.30537556 -1.543209743
18.50537556 -1.542624504
18.70537556 -1.541993799
18.90537556 -1.541314258
19.10537556 -1.540582077
19.30537556 -1.539792983
19.50537556 -1.538942205
19.70537556 -1.538024437
19.85268778 -1.537301933
20 -1.536537619
