# x y  (written by maestro2tex)
0 97.02920076
0.00625 90.89501692
0.0125 84.77465374
0.01875 78.67089975
0.025 72.58742717
0.03125 66.52921498
0.0375 60.503262
0.04375 54.51987247
0.05 48.59517522
0.05625 42.75662965
0.0625 37.05697972
0.06875 31.61751812
0.075 26.7925853
0.08125 23.45174278
0.0875 21.51097643
0.09375 20.06592916
0.1 18.84278427
0.10625 17.76122419
0.1125 16.78226946
0.11875 15.88187478
0.125 15.04362366
0.13125 14.25571594
0.1375 13.50939472
0.14375 12.79801054
0.15 12.11642111
0.15625 11.4605879
0.1625 10.82729601
0.16875 10.21395556
0.175 9.618460869
0.18125 9.039114332
0.1875 8.474538694
0.19375 7.9235619
0.2 7.385247815
0.20625 6.858872196
0.2125 6.343922857
0.21875 5.840125469
0.225 5.347498739
0.23125 4.866446481
0.2375 4.397892765
0.24375 3.943456451
0.25 3.505634921
0.25625 3.087917455
0.2625 2.694689926
0.26875 2.330784201
0.275 2.000658856
0.28125 1.707467258
0.2875 1.452448581
0.29375 1.234918877
0.3 1.052755279
0.30625 0.9030244189
0.3125 0.7824508477
0.31875 0.6876051686
0.325 0.6148689361
0.33125 0.5603688492
0.3375 0.520103606
0.34375 0.4903072238
0.35 0.4678322418
0.35625 0.4503198132
0.3625 0.4361369919
0.36875 0.4242044489
0.375 0.4138222717
0.38125 0.4045367608
0.3875 0.3960505508
0.39375 0.3881653339
0.4 0.3807461402
0.40625 0.3736991128
0.4125 0.3669575629
0.41875 0.3604730977
0.425 0.3542098819
0.43125 0.3481408592
0.4375 0.3422452191
0.44375 0.3365066704
0.45 0.3309122427
0.45625 0.3254514423
0.4625 0.3201156489
0.46875 0.3148976768
0.475 0.3097914531
0.48125 0.3047917783
0.4875 0.2998941448
0.49375 0.2950946002
0.5 0.2903896407
0.50625 0.2857761293
0.5125 0.2812512312
0.51875 0.2768123626
0.525 0.2724571502
0.53125 0.2681833981
0.5375 0.263989062
0.54375 0.259872227
0.55 0.2558310902
0.55625 0.2518639458
0.5625 0.2479691736
0.56875 0.2441452282
0.575 0.2403906309
0.58125 0.2367039621
0.5875 0.2330838561
0.59375 0.2295289949
0.6 0.2260381045
0.60625 0.2226099508
0.6125 0.2192433365
0.61875 0.2159370982
0.625 0.2126901039
0.63125 0.2095012508
0.6375 0.2063694639
0.64375 0.2032936936
0.65 0.200272915
0.65625 0.1973061261
0.6625 0.1943923469
0.66875 0.1915306183
0.675 0.1887200014
0.68125 0.1859595763
0.6875 0.1832484418
0.69375 0.1805857143
0.7 0.1779705274
0.70625 0.1754020315
0.7125 0.1728793929
0.71875 0.1704017933
0.725 0.1679684299
0.73125 0.1655785142
0.7375 0.1632312719
0.74375 0.1609259426
0.75 0.158661779
0.75625 0.1564380468
0.7625 0.1542540241
0.76875 0.1521090012
0.775 0.1500022797
0.78125 0.1479331726
0.7875 0.1459010034
0.79375 0.143905106
0.8 0.1419448241
0.80625 0.1400195109
0.8125 0.1381285282
0.81875 0.1362712465
0.825 0.1344470445
0.83125 0.1326553081
0.8375 0.130895431
0.84375 0.1291668134
0.85 0.1274688622
0.85625 0.1258009907
0.8625 0.1241626182
0.86875 0.1225531697
0.875 0.1209720762
0.88125 0.1194187743
0.8875 0.1178927062
0.89375 0.1163933199
0.9 0.114920069
0.90625 0.1134724133
0.9125 0.1120498185
0.91875 0.1106517566
0.925 0.1092777064
0.93125 0.1079271534
0.9375 0.1065995901
0.94375 0.1052945164
0.95 0.1040114401
0.95625 0.1027498763
0.9625 0.1015093488
0.96875 0.1002893892
0.975 0.09908953781
0.98125 0.09790934347
0.9875 0.09674836366
0.99375 0.09560616466
1 0.09448232151
1.00625 0.09337641805
1.0125 0.09228804691
1.01875 0.09121680942
1.025 0.09016231558
1.03125 0.08912418393
1.0375 0.08810204145
1.04375 0.08709552345
1.05 0.0861042734
1.05625 0.08512794281
1.0625 0.08416619106
1.06875 0.08321868522
1.075 0.0822850999
1.08125 0.0813651171
1.0875 0.08045842598
1.09375 0.07956472277
1.1 0.07868371051
1.10625 0.07781509899
1.1125 0.07695860447
1.11875 0.07611394959
1.125 0.07528086322
1.13125 0.07445908025
1.1375 0.07364834147
1.14375 0.07284839344
1.15 0.0720589883
1.15625 0.0712798837
1.1625 0.07051084257
1.16875 0.06975163309
1.175 0.0690020285
1.18125 0.06826180698
1.1875 0.06753075156
1.19375 0.06680864997
1.2 0.06609529456
1.20625 0.06539048216
1.2125 0.06469401401
1.21875 0.06400569563
1.225 0.06332533671
1.23125 0.06265275105
1.2375 0.06198775645
1.24375 0.0613301746
1.25 0.06067983103
1.25625 0.06003655497
1.2625 0.05940017935
1.26875 0.05877054063
1.275 0.05814747877
1.28125 0.05753083716
1.2875 0.05692046252
1.29375 0.05631620486
1.3 0.05571791737
1.30625 0.0551254564
1.3125 0.05453868138
1.31875 0.05395745473
1.325 0.05338164186
1.33125 0.05281111107
1.3375 0.05224573349
1.34375 0.0516853831
1.35 0.05112993659
1.35625 0.0505792734
1.3625 0.05003327561
1.36875 0.04949182798
1.375 0.04895481786
1.38125 0.04842213521
1.3875 0.04789367254
1.39375 0.04736932493
1.4 0.04684899002
1.40625 0.046332568
1.4125 0.04581996166
1.41875 0.04531107636
1.425 0.04480582011
1.43125 0.04430410362
1.4375 0.04380584035
1.44375 0.0433109466
1.45 0.04281934166
1.45625 0.04233094789
1.4625 0.04184569096
1.46875 0.0413635
1.475 0.04088430789
1.48125 0.04040805157
1.4875 0.03993467239
1.49375 0.0394641166
1.5 0.03899633587
1.50625 0.03853128793
1.5125 0.03806893739
1.51875 0.03760925672
1.525 0.03715222733
1.53125 0.03669784107
1.5375 0.03624610185
1.54375 0.03579702778
1.55 0.03535065368
1.55625 0.03490703417
1.5625 0.03446624749
1.56875 0.03402840016
1.575 0.03359363276
1.58125 0.03316212697
1.5875 0.0327341144
1.59375 0.03230988738
1.6 0.03188981225
1.60625 0.03147434588
1.6125 0.03106405568
1.61875 0.03065964408
1.625 0.03026197783
1.63125 0.02987212275
1.6375 0.02949138352
1.64375 0.02912134813
1.65 0.02876393419
1.65625 0.02842143337
1.6625 0.0280965466
1.66875 0.02779240042
1.675 0.02751253198
1.68125 0.02726082949
1.6875 0.02704141791
1.69375 0.02685848673
1.7 0.02671606796
1.70625 0.0266177852
1.7125 0.02656660329
1.71875 0.02656461064
1.725 0.02661285925
1.73125 0.02671127477
1.7375 0.02685863367
1.74375 0.02705259242
1.75 0.02728974606
1.75625 0.02756569198
1.7625 0.02787507721
1.76875 0.02821161237
1.775 0.02856804019
1.78125 0.02893605043
1.7875 0.02930613554
1.79375 0.02966738187
1.8 0.03000719069
1.80625 0.03031092147
1.8125 0.03056144716
1.81875 0.03073860775
1.825 0.03081854421
1.83125 0.03077289007
1.8375 0.03056779154
1.84375 0.03016272055
1.85 0.02950903646
1.85625 0.02854824206
1.8625 0.02720986833
1.86875 0.02540890795
1.875 0.02304270211
1.88125 0.01998716609
1.8875 0.01609221745
1.89375 0.01117624586
1.9 0.00501943389
1.90625 -0.00264429606
1.9125 -0.01213697484
1.91875 -0.02384823576
1.925 -0.03824929713
1.93125 -0.05590973144
1.9375 -0.07751756799
1.94375 -0.1039033908
1.95 -0.136069231
1.95625 -0.1752232128
1.9625 -0.2228210931
1.96875 -0.2806160181
1.975 -0.3507180051
1.98125 -0.4356647967
1.9875 -0.5385058097
1.99375 -0.6629008286
2 -0.8132348248
2.00625 -0.9947496784
2.0125 -1.213692524
2.01875 -1.477478744
2.025 -1.794865122
2.03125 -2.176125107
2.0375 -2.633213498
2.04375 -3.179902071
2.05 -3.83186125
2.05625 -4.606656609
2.0625 -5.523624536
2.06875 -6.603590849
2.075 -7.868402443
2.08125 -9.340257455
2.0875 -11.04084501
2.09375 -12.99033938
2.1 -15.20632939
2.10625 -17.70279338
2.1125 -20.48924227
2.11875 -23.57014174
2.125 -26.94468846
2.13125 -30.60696273
2.1375 -34.54642357
2.14375 -38.74866691
2.15 -43.19634174
2.15625 -47.87011602
2.1625 -52.74959941
2.16875 -57.81415578
2.175 -63.04356715
2.18125 -68.41853651
2.1875 -73.92103595
2.19375 -79.53451882
2.2 -85.24402034
2.20625 -91.03617238
2.2125 -96.8991562
2.21875 -102.8226136
2.225 -108.7975331
2.23125 -114.8161232
2.2375 -120.871683
2.24375 -126.9584747
2.25 -133.0716041
2.25625 -139.2069099
2.2625 -145.3608636
2.26875 -151.5304803
2.275 -157.7132399
2.28125 -163.9070184
2.2875 -170.1100284
2.29375 -176.3207673
2.3 -182.5379737
2.30625 -188.7605893
2.3125 -194.9877273
2.31875 -201.2186445
2.325 -207.4527192
2.33125 -213.6894311
2.3375 -219.928345
2.34375 -226.1690972
2.35 -232.4113837
2.35625 -238.6549507
2.3625 -244.8995861
2.36875 -251.1451128
2.375 -257.3913831
2.38125 -263.6382735
2.3875 -269.885681
2.39375 -276.1335199
2.4 -282.3817185
2.40625 -288.6302169
2.4125 -294.8789653
2.41875 -301.1279221
2.425 -307.3770527
2.43125 -313.6263281
2.4375 -319.8757242
2.44375 -326.125221
2.45 -332.3748017
2.45625 -338.6244522
2.4625 -344.874161
2.46875 -351.1239184
2.475 -357.3737162
2.48125 -363.6235477
2.4875 -369.8734074
2.49375 -376.1232904
2.5 -382.373193
