x y z
0 -8 1845.349136
0 -7.9 1843.532494
0 -7.8 1841.716011
0 -7.7 1839.89847
0 -7.6 1838.078632
0 -7.5 1836.255233
0 -7.4 1834.426974
0 -7.3 1832.592512
0 -7.2 1830.750457
0 -7.1 1828.899359
0 -7 1827.037699
0 -6.9 1825.163878
0 -6.8 1823.276207
0 -6.7 1821.372889
0 -6.6 1819.452011
0 -6.5 1817.511515
0 -6.4 1815.549191
0 -6.3 1813.562644
0 -6.2 1811.549272
0 -6.1 1809.506232
0 -6 1807.430409
0 -5.9 1805.318365
0 -5.8 1803.166297
0 -5.7 1800.969972
0 -5.6 1798.724657
0 -5.5 1796.425031
0 -5.4 1794.065086
0 -5.3 1791.637997
0 -5.2 1789.135967
0 -5.1 1786.550043
0 -5 1783.869874
0 -4.9 1781.083427
0 -4.8 1778.176616
0 -4.7 1775.132844
0 -4.6 1771.93242
0 -4.5 1768.551819
0 -4.4 1764.962735
0 -4.3 1761.130881
0 -4.2 1757.014451
0 -4.1 1752.562196
0 -4 1747.711032
0 -3.9 1742.383201
0 -3.8 1736.483086
0 -3.7 1729.894133
0 -3.6 1722.476778
0 -3.5 1714.069094
0 -3.4 1704.492598
0 -3.3 1693.565592
0 -3.2 1681.124232
0 -3.1 1667.046573
0 -3 1651.27002
0 -2.9 1633.79319
0 -2.8 1614.661213
0 -2.7 1593.942407
0 -2.6 1571.70642
0 -2.5 1548.009581
0 -2.4 1522.887839
0 -2.3 1496.354991
0 -2.2 1468.403646
0 -2.1 1439.007151
0 -2 1408.121525
0 -1.9 1375.686996
0 -1.8 1341.629026
0 -1.7 1305.858845
0 -1.6 1268.273536
0 -1.5 1228.755747
0 -1.4 1187.173037
0 -1.3 1143.376861
0 -1.2 1097.201084
0 -1.1 1048.459797
0 -1 996.9439171
0 -0.9 942.4155464
0 -0.8 884.5979392
0 -0.7 823.1566532
0 -0.6 757.6622436
0 -0.5 687.5122411
0 -0.4 611.7558584
0 -0.3 528.6557273
0 -0.2 434.3882672
0 -0.1 319.0664993
0 0 249.2421725
0 0.1 225.7530802
0 0.2 211.6030912
0 0.3 200.8233315
0 0.4 191.7146127
0 0.5 183.531445
0 0.6 175.8907668
0 0.7 168.5853493
0 0.8 161.5042314
0 0.9 154.5928745
0 1 147.831058
0 1.1 141.2197993
0 1.2 134.7732452
0 1.3 128.513393
0 1.4 122.4663848
0 1.5 116.6595995
0 1.6 111.1190936
0 1.7 105.8672263
0 1.8 100.920563
0 1.9 96.28832617
0 2 91.97168436
0 2.1 87.96402217
0 2.2 84.25208507
0 2.3 80.81768492
0 2.4 77.63957431
0 2.5 74.69516124
0 2.6 71.961871
0 2.7 69.4180987
0 2.8 67.04378814
0 2.9 64.82071667
0 3 62.73257311
0 3.1 60.76490376
0 3.2 58.9049837
0 3.3 57.1416526
0 3.4 55.46514019
0 3.5 53.86689623
0 3.6 52.33943292
0 3.7 50.87618325
0 3.8 49.47137607
0 3.9 48.11992753
0 4 46.8173473
0 4.1 45.55965821
0 4.2 44.34332736
0 4.3 43.16520735
0 4.4 42.02248606
0 4.5 40.9126437
0 4.6 39.83341612
0 4.7 38.78276328
0 4.8 37.75884228
0 4.9 36.75998408
0 5 35.78467347
0 5.1 34.83153173
0 5.2 33.89930167
0 5.3 32.98683459
0 5.4 32.09307902
0 5.5 31.21707083
0 5.6 30.35792474
0 5.7 29.5148268
0 5.8 28.68702798
0 5.9 27.87383848
0 6 27.07462295
0 6.1 26.28879629
0 6.2 25.51582022
0 6.3 24.75520035
0 6.4 24.00648402
0 6.5 23.26925863
0 6.6 22.54315073
0 6.7 21.82782592
0 6.8 21.12298951
0 6.9 20.42838849
0 7 19.74381472
0 7.1 19.06911014
0 7.2 18.40417432
0 7.3 17.74897546
0 7.4 17.10356586
0 7.5 16.46810349
0 7.6 15.84288137
0 7.7 15.22836577
0 7.8 14.62524193
0 7.9 14.03445754
0 8 13.45723653
0.1 -8 1745.350187
0.1 -7.9 1743.533564
0.1 -7.8 1741.7171
0.1 -7.7 1739.899578
0.1 -7.6 1738.079761
0.1 -7.5 1736.256384
0.1 -7.4 1734.428148
0.1 -7.3 1732.59371
0.1 -7.2 1730.751681
0.1 -7.1 1728.900609
0.1 -7 1727.038977
0.1 -6.9 1725.165187
0.1 -6.8 1723.277547
0.1 -6.7 1721.374263
0.1 -6.6 1719.45342
0.1 -6.5 1717.512963
0.1 -6.4 1715.550679
0.1 -6.3 1713.564176
0.1 -6.2 1711.55085
0.1 -6.1 1709.50786
0.1 -6 1707.43209
0.1 -5.9 1705.320104
0.1 -5.8 1703.168099
0.1 -5.7 1700.971842
0.1 -5.6 1698.7266
0.1 -5.5 1696.427055
0.1 -5.4 1694.067199
0.1 -5.3 1691.640207
0.1 -5.2 1689.138285
0.1 -5.1 1686.55248
0.1 -5 1683.872445
0.1 -4.9 1681.086148
0.1 -4.8 1678.179505
0.1 -4.7 1675.135924
0.1 -4.6 1671.935718
0.1 -4.5 1668.555367
0.1 -4.4 1664.966574
0.1 -4.3 1661.135057
0.1 -4.2 1657.019023
0.1 -4.1 1652.567236
0.1 -4 1647.71663
0.1 -3.9 1642.389466
0.1 -3.8 1636.490156
0.1 -3.7 1629.902173
0.1 -3.6 1622.485986
0.1 -3.5 1614.079698
0.1 -3.4 1604.504845
0.1 -3.3 1593.57973
0.1 -3.2 1581.140479
0.1 -3.1 1567.065091
0.1 -3 1551.290902
0.1 -2.9 1533.816467
0.1 -2.8 1514.686883
0.1 -2.7 1493.970463
0.1 -2.6 1471.736879
0.1 -2.5 1448.042498
0.1 -2.4 1422.923318
0.1 -2.3 1396.393192
0.1 -2.2 1368.444789
0.1 -2.1 1339.051523
0.1 -2 1308.169488
0.1 -1.9 1275.739003
0.1 -1.8 1241.685642
0.1 -1.7 1205.92077
0.1 -1.6 1168.341645
0.1 -1.5 1128.83114
0.1 -1.4 1087.257108
0.1 -1.3 1043.471401
0.1 -1.2 997.3084208
0.1 -1.1 948.5830063
0.1 -1 897.0871391
0.1 -0.9 842.5844732
0.1 -0.8 784.8006094
0.1 -0.7 723.4047967
0.1 -0.6 657.9737113
0.1 -0.5 587.9157677
0.1 -0.4 512.3015024
0.1 -0.3 429.4417602
0.1 -0.2 335.6500578
0.1 -0.1 221.4727733
0.1 0 150.3447586
0.1 0.1 126.6063738
0.1 0.2 112.4442229
0.1 0.3 101.7335128
0.1 0.4 92.74407171
0.1 0.5 84.71798055
0.1 0.6 77.26630289
0.1 0.7 70.17940218
0.1 0.8 63.34635912
0.1 0.9 56.71480789
0.1 1 50.26896659
0.1 1.1 44.0172924
0.1 1.2 37.98622877
0.1 1.3 32.21925565
0.1 1.4 26.78376122
0.1 1.5 21.79661361
0.1 1.6 17.50197925
0.1 1.7 14.36433495
0.1 1.8 12.4360241
0.1 1.9 11.04915512
0.1 2 9.858707145
0.1 2.1 8.76740461
0.1 2.2 7.740013873
0.1 2.3 6.758964512
0.1 2.4 5.813584332
0.1 2.5 4.896644829
0.1 2.6 4.002933348
0.1 2.7 3.128539684
0.1 2.8 2.270449505
0.1 2.9 1.42629128
0.1 3 0.5941693814
0.1 3.1 -0.2274493232
0.1 3.2 -1.039803206
0.1 3.3 -1.843598076
0.1 3.4 -2.639186107
0.1 3.5 -3.426904144
0.1 3.6 -4.206459822
0.1 3.7 -4.976910354
0.1 3.8 -5.736521612
0.1 3.9 -6.482697289
0.1 4 -7.212119973
0.1 4.1 -7.921210484
0.1 4.2 -8.606846657
0.1 4.3 -9.267058749
0.1 4.4 -9.901369325
0.1 4.5 -10.51067038
0.1 4.6 -11.09680484
0.1 4.7 -11.66209709
0.1 4.8 -12.20898435
0.1 4.9 -12.73979005
0.1 5 -13.2566185
0.1 5.1 -13.76132474
0.1 5.2 -14.25551422
0.1 5.3 -14.74055455
0.1 5.4 -15.21759976
0.1 5.5 -15.687622
0.1 5.6 -16.15144256
0.1 5.7 -16.60975851
0.1 5.8 -17.0631646
0.1 5.9 -17.51217103
0.1 6 -17.9572178
0.1 6.1 -18.3986864
0.1 6.2 -18.83690921
0.1 6.3 -19.27217731
0.1 6.4 -19.70474678
0.1 6.5 -20.13484392
0.1 6.6 -20.56266956
0.1 6.7 -20.98840269
0.1 6.8 -21.41220339
0.1 6.9 -21.83421542
0.1 7 -22.25456828
0.1 7.1 -22.67337901
0.1 7.2 -23.09075376
0.1 7.3 -23.50678904
0.1 7.4 -23.92157285
0.1 7.5 -24.33518567
0.1 7.6 -24.74770125
0.1 7.7 -25.15918736
0.1 7.8 -25.56970639
0.1 7.9 -25.97931591
0.1 8 -26.38806916
0.2 -8 1645.351375
0.2 -7.9 1643.534772
0.2 -7.8 1641.71833
0.2 -7.7 1639.900831
0.2 -7.6 1638.081038
0.2 -7.5 1636.257686
0.2 -7.4 1634.429475
0.2 -7.3 1632.595065
0.2 -7.2 1630.753064
0.2 -7.1 1628.902023
0.2 -7 1627.040423
0.2 -6.9 1625.166667
0.2 -6.8 1623.279063
0.2 -6.7 1621.375817
0.2 -6.6 1619.455015
0.2 -6.5 1617.5146
0.2 -6.4 1615.552363
0.2 -6.3 1613.565908
0.2 -6.2 1611.552635
0.2 -6.1 1609.509701
0.2 -6 1607.433992
0.2 -5.9 1605.322072
0.2 -5.8 1603.170137
0.2 -5.7 1600.973957
0.2 -5.6 1598.7288
0.2 -5.5 1596.429346
0.2 -5.4 1594.069591
0.2 -5.3 1591.642709
0.2 -5.2 1589.14091
0.2 -5.1 1586.55524
0.2 -5 1583.875357
0.2 -4.9 1581.089229
0.2 -4.8 1578.182778
0.2 -4.7 1575.139414
0.2 -4.6 1571.939456
0.2 -4.5 1568.55939
0.2 -4.4 1564.970925
0.2 -4.3 1561.139792
0.2 -4.2 1557.024209
0.2 -4.1 1552.572954
0.2 -4 1547.722983
0.2 -3.9 1542.396579
0.2 -3.8 1536.498184
0.2 -3.7 1529.911307
0.2 -3.6 1522.496452
0.2 -3.5 1514.091757
0.2 -3.4 1504.518781
0.2 -3.3 1493.59583
0.2 -3.2 1481.158996
0.2 -3.1 1467.086218
0.2 -3 1451.314753
0.2 -2.9 1433.843089
0.2 -2.8 1414.716285
0.2 -2.7 1394.002652
0.2 -2.6 1371.771888
0.2 -2.5 1348.080408
0.2 -2.4 1322.96427
0.2 -2.3 1296.437393
0.2 -2.2 1268.49252
0.2 -2.1 1239.103148
0.2 -2 1208.225471
0.2 -1.9 1175.799923
0.2 -1.8 1141.75222
0.2 -1.7 1105.99391
0.2 -1.6 1068.422483
0.2 -1.5 1028.921113
0.2 -1.4 987.3580628
0.2 -1.3 943.5857317
0.2 -1.2 897.4392865
0.2 -1.1 848.7346469
0.2 -1 797.26537
0.2 -0.9 742.7974756
0.2 -0.8 685.0602547
0.2 -0.7 623.7289923
0.2 -0.6 558.3908547
0.2 -0.5 488.4740245
0.2 -0.4 413.0907406
0.2 -0.3 330.6559024
0.2 -0.2 237.8243251
0.2 -0.1 126.753162
0.2 0 54.03072487
0.2 0.1 30.30941432
0.2 0.2 17.69910232
0.2 0.3 11.88132854
0.2 0.4 6.929400803
0.2 0.5 2.297115199
0.2 0.6 -1.652281181
0.2 0.7 -5.067057275
0.2 0.8 -7.958012993
0.2 0.9 -10.24249138
0.2 1 -12.01406779
0.2 1.1 -13.46383544
0.2 1.2 -14.72207676
0.2 1.3 -15.86127429
0.2 1.4 -16.92193825
0.2 1.5 -17.92836488
0.2 1.6 -18.89596314
0.2 1.7 -19.83509139
0.2 1.8 -20.75316305
0.2 1.9 -21.65586349
0.2 2 -22.54793636
0.2 2.1 -23.43376404
0.2 2.2 -24.31781563
0.2 2.3 -25.20486146
0.2 2.4 -26.09961858
0.2 2.5 -27.00546989
0.2 2.6 -27.92270681
0.2 2.7 -28.84790185
0.2 2.8 -29.77529135
0.2 2.9 -30.69890048
0.2 3 -31.61387475
0.2 3.1 -32.51680232
0.2 3.2 -33.40551417
0.2 3.3 -34.27875904
0.2 3.4 -35.1359172
0.2 3.5 -35.97678868
0.2 3.6 -36.8014469
0.2 3.7 -37.61014029
0.2 3.8 -38.40322678
0.2 3.9 -39.18113012
0.2 4 -39.94431086
0.2 4.1 -40.69324697
0.2 4.2 -41.42842091
0.2 4.3 -42.15031111
0.2 4.4 -42.85938634
0.2 4.5 -43.5561022
0.2 4.6 -44.24089893
0.2 4.7 -44.91420019
0.2 4.8 -45.5764125
0.2 4.9 -46.22792516
0.2 5 -46.86911041
0.2 5.1 -47.50032388
0.2 5.2 -48.12190508
0.2 5.3 -48.73417804
0.2 5.4 -49.33745197
0.2 5.5 -49.93202193
0.2 5.6 -50.51816955
0.2 5.7 -51.09616364
0.2 5.8 -51.66626092
0.2 5.9 -52.22870658
0.2 6 -52.78373497
0.2 6.1 -53.33157012
0.2 6.2 -53.87242629
0.2 6.3 -54.40650856
0.2 6.4 -54.93401324
0.2 6.5 -55.45512837
0.2 6.6 -55.97003419
0.2 6.7 -56.47890352
0.2 6.8 -56.98190213
0.2 6.9 -57.47918916
0.2 7 -57.97091745
0.2 7.1 -58.45723382
0.2 7.2 -58.93827945
0.2 7.3 -59.41419009
0.2 7.4 -59.8850964
0.2 7.5 -60.35112415
0.2 7.6 -60.81239452
0.2 7.7 -61.26902424
0.2 7.8 -61.72112591
0.2 7.9 -62.1688081
0.2 8 -62.61217561
0.3 -8 1545.352726
0.3 -7.9 1543.536147
0.3 -7.8 1541.719729
0.3 -7.7 1539.902256
0.3 -7.6 1538.08249
0.3 -7.5 1536.259166
0.3 -7.4 1534.430986
0.3 -7.3 1532.596607
0.3 -7.2 1530.754639
0.3 -7.1 1528.903633
0.3 -7 1527.04207
0.3 -6.9 1525.168351
0.3 -6.8 1523.280789
0.3 -6.7 1521.377587
0.3 -6.6 1519.45683
0.3 -6.5 1517.516465
0.3 -6.4 1515.55428
0.3 -6.3 1513.567881
0.3 -6.2 1511.554668
0.3 -6.1 1509.511799
0.3 -6 1507.436159
0.3 -5.9 1505.324314
0.3 -5.8 1503.172461
0.3 -5.7 1500.976369
0.3 -5.6 1498.731307
0.3 -5.5 1496.431958
0.3 -5.4 1494.072317
0.3 -5.3 1491.645562
0.3 -5.2 1489.143903
0.3 -5.1 1486.558389
0.3 -5 1483.878678
0.3 -4.9 1481.092745
0.3 -4.8 1478.186513
0.3 -4.7 1475.143397
0.3 -4.6 1471.943723
0.3 -4.5 1468.563982
0.3 -4.4 1464.975895
0.3 -4.3 1461.145201
0.3 -4.2 1457.030133
0.3 -4.1 1452.579489
0.3 -4 1447.730244
0.3 -3.9 1442.404713
0.3 -3.8 1436.507369
0.3 -3.7 1429.92176
0.3 -3.6 1422.508436
0.3 -3.5 1414.105574
0.3 -3.4 1404.534761
0.3 -3.3 1393.614306
0.3 -3.2 1381.180268
0.3 -3.1 1367.110516
0.3 -3 1351.342221
0.3 -2.9 1333.873795
0.3 -2.8 1314.750256
0.3 -2.7 1294.039912
0.3 -2.6 1271.812498
0.3 -2.5 1248.124486
0.3 -2.4 1223.012007
0.3 -2.3 1196.489062
0.3 -2.2 1168.548489
0.3 -2.1 1139.163892
0.3 -2 1108.29159
0.3 -1.9 1075.872173
0.3 -1.8 1041.831549
0.3 -1.7 1006.081511
0.3 -1.6 968.5198679
0.3 -1.5 929.0302216
0.3 -1.4 887.4814093
0.3 -1.3 843.7266296
0.3 -1.2 797.6021789
0.3 -1.1 748.9256192
0.3 -1 697.4929683
0.3 -0.9 643.0740701
0.3 -0.8 585.4044302
0.3 -0.7 524.1700166
0.3 -0.6 458.9777452
0.3 -0.5 389.2960589
0.3 -0.4 314.3313815
0.3 -0.3 232.7694968
0.3 -0.2 142.3602864
0.3 -0.1 43.67960399
0.3 0 10.29561658
0.3 0.1 -15.15243419
0.3 0.2 -36.03397493
0.3 0.3 -53.50609756
0.3 0.4 -64.35958166
0.3 0.5 -72.17572814
0.3 0.6 -78.27827176
0.3 0.7 -83.28665137
0.3 0.8 -87.53761374
0.3 0.9 -91.23388594
0.3 1 -94.50674774
0.3 1.1 -97.44597856
0.3 1.2 -100.1156303
0.3 1.3 -102.5629702
0.3 1.4 -104.823856
0.3 1.5 -106.9261232
0.3 1.6 -108.8918051
0.3 1.7 -110.7386363
0.3 1.8 -112.4810997
0.3 1.9 -114.1311741
0.3 2 -115.698879
0.3 2.1 -117.192679
0.3 2.2 -118.61979
0.3 2.3 -119.9864123
0.3 2.4 -121.2979134
0.3 2.5 -122.5589703
0.3 2.6 -123.7736834
0.3 2.7 -124.9456674
0.3 2.8 -126.0781256
0.3 2.9 -127.1739098
0.3 3 -128.23557
0.3 3.1 -129.2653962
0.3 3.2 -130.2654519
0.3 3.3 -131.2376036
0.3 3.4 -132.1835452
0.3 3.5 -133.1048186
0.3 3.6 -134.0028312
0.3 3.7 -134.8788718
0.3 3.8 -135.734123
0.3 3.9 -136.5696729
0.3 4 -137.3865249
0.3 4.1 -138.1856064
0.3 4.2 -138.9677762
0.3 4.3 -139.7338312
0.3 4.4 -140.4845122
0.3 4.5 -141.2205093
0.3 4.6 -141.9424662
0.3 4.7 -142.6509842
0.3 4.8 -143.3466263
0.3 4.9 -144.0299199
0.3 5 -144.7013604
0.3 5.1 -145.3614129
0.3 5.2 -146.0105154
0.3 5.3 -146.6490805
0.3 5.4 -147.2774974
0.3 5.5 -147.8961339
0.3 5.6 -148.5053374
0.3 5.7 -149.1054369
0.3 5.8 -149.6967442
0.3 5.9 -150.2795548
0.3 6 -150.8541494
0.3 6.1 -151.4207946
0.3 6.2 -151.9797441
0.3 6.3 -152.5312392
0.3 6.4 -153.0755098
0.3 6.5 -153.6127752
0.3 6.6 -154.1432446
0.3 6.7 -154.6671177
0.3 6.8 -155.1845854
0.3 6.9 -155.6958302
0.3 7 -156.2010266
0.3 7.1 -156.700342
0.3 7.2 -157.1939366
0.3 7.3 -157.6819639
0.3 7.4 -158.1645714
0.3 7.5 -158.6419005
0.3 7.6 -159.114087
0.3 7.7 -159.5812615
0.3 7.8 -160.0435496
0.3 7.9 -160.501072
0.3 8 -160.953945
0.4 -8 1445.354275
0.4 -7.9 1443.537723
0.4 -7.8 1441.721334
0.4 -7.7 1439.903891
0.4 -7.6 1438.084156
0.4 -7.5 1436.260865
0.4 -7.4 1434.432718
0.4 -7.3 1432.598375
0.4 -7.2 1430.756445
0.4 -7.1 1428.905479
0.4 -7 1427.043958
0.4 -6.9 1425.170284
0.4 -6.8 1423.282769
0.4 -6.7 1421.379617
0.4 -6.6 1419.458914
0.4 -6.5 1417.518605
0.4 -6.4 1415.556481
0.4 -6.3 1413.570147
0.4 -6.2 1411.557002
0.4 -6.1 1409.514208
0.4 -6 1407.438648
0.4 -5.9 1405.326889
0.4 -5.8 1403.175129
0.4 -5.7 1400.979138
0.4 -5.6 1398.734187
0.4 -5.5 1396.434959
0.4 -5.4 1394.075451
0.4 -5.3 1391.648841
0.4 -5.2 1389.147343
0.4 -5.1 1386.562008
0.4 -5 1383.882497
0.4 -4.9 1381.096788
0.4 -4.8 1378.190809
0.4 -4.7 1375.14798
0.4 -4.6 1371.948633
0.4 -4.5 1368.569268
0.4 -4.4 1364.981616
0.4 -4.3 1361.151429
0.4 -4.2 1357.036957
0.4 -4.1 1352.587018
0.4 -4 1347.738614
0.4 -3.9 1342.414092
0.4 -3.8 1336.517964
0.4 -3.7 1329.933827
0.4 -3.6 1322.522277
0.4 -3.5 1314.121543
0.4 -3.4 1304.553246
0.4 -3.3 1293.6357
0.4 -3.2 1281.204928
0.4 -3.1 1267.138722
0.4 -3 1251.374156
0.4 -2.9 1233.909558
0.4 -2.8 1214.789898
0.4 -2.7 1194.083491
0.4 -2.6 1171.860112
0.4 -2.5 1148.176308
0.4 -2.4 1123.068298
0.4 -2.3 1096.550193
0.4 -2.2 1068.614949
0.4 -2.1 1039.236313
0.4 -2 1008.370775
0.4 -1.9 975.9591337
0.4 -1.8 941.9275636
0.4 -1.7 906.1882027
0.4 -1.6 868.6393196
0.4 -1.5 829.1651355
0.4 -1.4 787.635346
0.4 -1.3 743.9043642
0.4 -1.2 697.8102529
0.4 -1.1 649.1732209
0.4 -1 597.7933993
0.4 -0.9 543.44731
0.4 -0.8 485.8819059
0.4 -0.7 424.8041838
0.4 -0.6 359.8633617
0.4 -0.5 290.6241847
0.4 -0.4 216.5544987
0.4 -0.3 137.2659075
0.4 -0.2 55.65116063
0.4 -0.1 16.38985695
0.4 0 6.350186329
0.4 0.1 -15.06884552
0.4 0.2 -72.42829043
0.4 0.3 -134.1356397
0.4 0.4 -152.142862
0.4 0.5 -162.9395239
0.4 0.6 -170.714213
0.4 0.7 -176.8033031
0.4 0.8 -181.8167673
0.4 0.9 -186.0838505
0.4 1 -189.802561
0.4 1.1 -193.101293
0.4 1.2 -196.0680537
0.4 1.3 -198.765799
0.4 1.4 -201.2411173
0.4 1.5 -203.5294491
0.4 1.6 -205.6583797
0.4 1.7 -207.6497995
0.4 1.8 -209.52137
0.4 1.9 -211.2875464
0.4 2 -212.960309
0.4 2.1 -214.5496975
0.4 2.2 -216.0642085
0.4 2.3 -217.5110963
0.4 2.4 -218.8966037
0.4 2.5 -220.2261419
0.4 2.6 -221.5044319
0.4 2.7 -222.735617
0.4 2.8 -223.9233538
0.4 2.9 -225.0708854
0.4 3 -226.1811015
0.4 3.1 -227.2565881
0.4 3.2 -228.2996688
0.4 3.3 -229.3124392
0.4 3.4 -230.2967955
0.4 3.5 -231.2544595
0.4 3.6 -232.1869993
0.4 3.7 -233.0958469
0.4 3.8 -233.9823139
0.4 3.9 -234.8476043
0.4 4 -235.6928263
0.4 4.1 -236.5190021
0.4 4.2 -237.3270766
0.4 4.3 -238.1179252
0.4 4.4 -238.8923601
0.4 4.5 -239.6511368
0.4 4.6 -240.3949587
0.4 4.7 -241.1244823
0.4 4.8 -241.840321
0.4 4.9 -242.543049
0.4 5 -243.2332044
0.4 5.1 -243.9112924
0.4 5.2 -244.5777876
0.4 5.3 -245.2331368
0.4 5.4 -245.8777611
0.4 5.5 -246.5120576
0.4 5.6 -247.1364014
0.4 5.7 -247.751147
0.4 5.8 -248.3566301
0.4 5.9 -248.9531689
0.4 6 -249.5410647
0.4 6.1 -250.1206041
0.4 6.2 -250.6920589
0.4 6.3 -251.255688
0.4 6.4 -251.8117375
0.4 6.5 -252.3604419
0.4 6.6 -252.902025
0.4 6.7 -253.4366999
0.4 6.8 -253.9646706
0.4 6.9 -254.4861315
0.4 7 -255.0012688
0.4 7.1 -255.5102606
0.4 7.2 -256.0132773
0.4 7.3 -256.5104823
0.4 7.4 -257.0020322
0.4 7.5 -257.4880772
0.4 7.6 -257.9687615
0.4 7.7 -258.4442236
0.4 7.8 -258.9145964
0.4 7.9 -259.380008
0.4 8 -259.8405814
0.5 -8 1345.356067
0.5 -7.9 1343.539546
0.5 -7.8 1341.72319
0.5 -7.7 1339.905781
0.5 -7.6 1338.086082
0.5 -7.5 1336.262829
0.5 -7.4 1334.434722
0.5 -7.3 1332.600421
0.5 -7.2 1330.758536
0.5 -7.1 1328.907616
0.5 -7 1327.046144
0.5 -6.9 1325.172522
0.5 -6.8 1323.285061
0.5 -6.7 1321.381968
0.5 -6.6 1319.461326
0.5 -6.5 1317.521084
0.5 -6.4 1315.559029
0.5 -6.3 1313.57277
0.5 -6.2 1311.559706
0.5 -6.1 1309.516998
0.5 -6 1307.441531
0.5 -5.9 1305.329873
0.5 -5.8 1303.178222
0.5 -5.7 1300.982349
0.5 -5.6 1298.737526
0.5 -5.5 1296.438439
0.5 -5.4 1294.079084
0.5 -5.3 1291.652645
0.5 -5.2 1289.151334
0.5 -5.1 1286.566207
0.5 -5 1283.886929
0.5 -4.9 1281.101481
0.5 -4.8 1278.195796
0.5 -4.7 1275.153301
0.5 -4.6 1271.954335
0.5 -4.5 1268.575409
0.5 -4.4 1264.988264
0.5 -4.3 1261.158669
0.5 -4.2 1257.044893
0.5 -4.1 1252.595778
0.5 -4 1247.748356
0.5 -3.9 1242.425013
0.5 -3.8 1236.530308
0.5 -3.7 1229.947892
0.5 -3.6 1222.538424
0.5 -3.5 1214.140188
0.5 -3.4 1204.574849
0.5 -3.3 1193.660731
0.5 -3.2 1181.233818
0.5 -3.1 1167.171819
0.5 -3 1151.411697
0.5 -2.9 1133.951685
0.5 -2.8 1114.836706
0.5 -2.7 1094.135081
0.5 -2.6 1071.916644
0.5 -2.5 1048.238033
0.5 -2.4 1023.135588
0.5 -2.3 996.6235565
0.5 -2.2 968.6950588
0.5 -2.1 939.3240345
0.5 -2 908.4672093
0.5 -1.9 876.0656799
0.5 -1.8 842.0460062
0.5 -1.7 806.3208343
0.5 -1.6 768.7891209
0.5 -1.5 729.3360395
0.5 -1.4 687.8326359
0.5 -1.3 644.135291
0.5 -1.2 598.0850248
0.5 -1.1 549.5066577
0.5 -1 498.207836
0.5 -0.9 443.9780139
0.5 -0.8 386.587978
0.5 -0.7 325.792732
0.5 -0.6 261.3503586
0.5 -0.5 193.116315
0.5 -0.4 121.5414326
0.5 -0.3 51.10231402
0.5 -0.2 18.40779588
0.5 -0.1 14.11729362
0.5 0 5.199183576
0.5 0.1 -13.38905388
0.5 0.2 -17.44116179
0.5 0.3 -145.2989111
0.5 0.4 -231.8628139
0.5 0.5 -250.3007098
0.5 0.6 -261.2506501
0.5 0.7 -269.121572
0.5 0.8 -275.2844697
0.5 0.9 -280.3597664
0.5 1 -284.6808995
0.5 1.1 -288.4479451
0.5 1.2 -291.7904899
0.5 1.3 -294.7973167
0.5 1.4 -297.5319327
0.5 1.5 -300.0413437
0.5 1.6 -302.3613215
0.5 1.7 -304.5197224
0.5 1.8 -306.5386641
0.5 1.9 -308.4360013
0.5 2 -310.2263559
0.5 2.1 -311.9218534
0.5 2.2 -313.5326606
0.5 2.3 -315.0673865
0.5 2.4 -316.5333849
0.5 2.5 -317.9369872
0.5 2.6 -319.2836841
0.5 2.7 -320.5782675
0.5 2.8 -321.8249452
0.5 2.9 -323.0274314
0.5 3 -324.1890216
0.5 3.1 -325.3126532
0.5 3.2 -326.4009556
0.5 3.3 -327.4562916
0.5 3.4 -328.480793
0.5 3.5 -329.476389
0.5 3.6 -330.4448317
0.5 3.7 -331.3877171
0.5 3.8 -332.3065028
0.5 3.9 -333.202524
0.5 4 -334.0770067
0.5 4.1 -334.9310792
0.5 4.2 -335.7657824
0.5 4.3 -336.5820787
0.5 4.4 -337.3808595
0.5 4.5 -338.1629521
0.5 4.6 -338.9291259
0.5 4.7 -339.6800975
0.5 4.8 -340.4165355
0.5 4.9 -341.1390648
0.5 5 -341.8482701
0.5 5.1 -342.5446995
0.5 5.2 -343.2288676
0.5 5.3 -343.901258
0.5 5.4 -344.5623256
0.5 5.5 -345.2124992
0.5 5.6 -345.8521833
0.5 5.7 -346.4817598
0.5 5.8 -347.10159
0.5 5.9 -347.7120156
0.5 6 -348.3133604
0.5 6.1 -348.9059316
0.5 6.2 -349.4900206
0.5 6.3 -350.0659044
0.5 6.4 -350.6338464
0.5 6.5 -351.1940971
0.5 6.6 -351.7468955
0.5 6.7 -352.292469
0.5 6.8 -352.8310348
0.5 6.9 -353.3628002
0.5 7 -353.8879633
0.5 7.1 -354.4067134
0.5 7.2 -354.9192318
0.5 7.3 -355.4256919
0.5 7.4 -355.9262598
0.5 7.5 -356.4210949
0.5 7.6 -356.91035
0.5 7.7 -357.3941716
0.5 7.8 -357.8727007
0.5 7.9 -358.3460725
0.5 8 -358.814417
0.6 -8 1245.35816
0.6 -7.9 1243.541676
0.6 -7.8 1241.725359
0.6 -7.7 1239.90799
0.6 -7.6 1238.088334
0.6 -7.5 1236.265125
0.6 -7.4 1234.437065
0.6 -7.3 1232.602813
0.6 -7.2 1230.760979
0.6 -7.1 1228.910114
0.6 -7 1227.0487
0.6 -6.9 1225.175139
0.6 -6.8 1223.287743
0.6 -6.7 1221.384717
0.6 -6.6 1219.464148
0.6 -6.5 1217.523983
0.6 -6.4 1215.562012
0.6 -6.3 1213.575841
0.6 -6.2 1211.562872
0.6 -6.1 1209.520265
0.6 -6 1207.444908
0.6 -5.9 1205.333367
0.6 -5.8 1203.181844
0.6 -5.7 1200.98611
0.6 -5.6 1198.741438
0.6 -5.5 1196.442516
0.6 -5.4 1194.083343
0.6 -5.3 1191.657103
0.6 -5.2 1189.156013
0.6 -5.1 1186.571132
0.6 -5 1183.892128
0.6 -4.9 1181.106987
0.6 -4.8 1178.201649
0.6 -4.7 1175.159548
0.6 -4.6 1171.961031
0.6 -4.5 1168.582622
0.6 -4.4 1164.996076
0.6 -4.3 1161.16718
0.6 -4.2 1157.054225
0.6 -4.1 1152.606082
0.6 -4 1147.759822
0.6 -3.9 1142.437873
0.6 -3.8 1136.544854
0.6 -3.7 1129.964479
0.6 -3.6 1122.55748
0.6 -3.5 1114.162214
0.6 -3.4 1104.600399
0.6 -3.3 1093.690375
0.6 -3.2 1081.268088
0.6 -3.1 1067.211152
0.6 -3 1051.456407
0.6 -2.9 1034.001981
0.6 -2.8 1014.892745
0.6 -2.7 994.1970385
0.6 -2.6 971.9847732
0.6 -2.5 948.3127112
0.6 -2.4 923.2173498
0.6 -2.3 896.713126
0.6 -2.2 868.7933867
0.6 -2.1 839.4323464
0.6 -2 808.5870748
0.6 -1.9 776.1991114
0.6 -1.8 742.1956007
0.6 -1.7 706.4899794
0.6 -1.6 668.9823013
0.6 -1.5 629.5593004
0.6 -1.4 588.0943071
0.6 -1.3 544.4471562
0.6 -1.2 498.4642928
0.6 -1.1 449.9794551
0.6 -1 398.8157938
0.6 -0.9 344.7916807
0.6 -0.8 287.7369367
0.6 -0.7 227.5423074
0.6 -0.6 164.3327305
0.6 -0.5 99.21309152
0.6 -0.4 38.95781139
0.6 -0.3 19.22964311
0.6 -0.2 15.78661924
0.6 -0.1 12.63223552
0.6 0 4.207963462
0.6 0.1 -12.13940548
0.6 0.2 -15.28970754
0.6 0.3 -18.59668985
0.6 0.4 -79.24508514
0.6 0.5 -326.3471251
0.6 0.6 -346.9736529
0.6 0.7 -358.6676385
0.6 0.8 -366.9242505
0.6 0.9 -373.3293522
0.6 1 -378.5748484
0.6 1.1 -383.0245234
0.6 1.2 -386.8935577
0.6 1.3 -390.3199366
0.6 1.4 -393.3975107
0.6 1.5 -396.1930438
0.6 1.6 -398.7557425
0.6 1.7 -401.1229278
0.6 1.8 -403.323584
0.6 1.9 -405.3806737
0.6 2 -407.3127003
0.6 2.1 -409.1347941
0.6 2.2 -410.8594859
0.6 2.3 -412.4972712
0.6 2.4 -414.0570289
0.6 2.5 -415.5463373
0.6 2.6 -416.9717163
0.6 2.7 -418.3388168
0.6 2.8 -419.6525676
0.6 2.9 -420.9172944
0.6 3 -422.1368142
0.6 3.1 -423.3145119
0.6 3.2 -424.4534036
0.6 3.3 -425.5561881
0.6 3.4 -426.6252902
0.6 3.5 -427.6628963
0.6 3.6 -428.670985
0.6 3.7 -429.6513525
0.6 3.8 -430.6056347
0.6 3.9 -431.5353252
0.6 4 -432.4417919
0.6 4.1 -433.3262904
0.6 4.2 -434.1899763
0.6 4.3 -435.0339151
0.6 4.4 -435.859092
0.6 4.5 -436.6664193
0.6 4.6 -437.4567434
0.6 4.7 -438.2308514
0.6 4.8 -438.9894764
0.6 4.9 -439.733302
0.6 5 -440.4629671
0.6 5.1 -441.1790695
0.6 5.2 -441.8821696
0.6 5.3 -442.572793
0.6 5.4 -443.251434
0.6 5.5 -443.9185572
0.6 5.6 -444.5746008
0.6 5.7 -445.2199777
0.6 5.8 -445.8550781
0.6 5.9 -446.4802707
0.6 6 -447.0959043
0.6 6.1 -447.7023096
0.6 6.2 -448.2997999
0.6 6.3 -448.8886726
0.6 6.4 -449.4692103
0.6 6.5 -450.0416818
0.6 6.6 -450.6063425
0.6 6.7 -451.1634361
0.6 6.8 -451.7131946
0.6 6.9 -452.2558393
0.6 7 -452.7915817
0.6 7.1 -453.3206236
0.6 7.2 -453.8431579
0.6 7.3 -454.3593694
0.6 7.4 -454.8694348
0.6 7.5 -455.3735233
0.6 7.6 -455.8717972
0.6 7.7 -456.3644122
0.6 7.8 -456.8515175
0.6 7.9 -457.3332566
0.6 8 -457.8097672
0.7 -8 1145.360634
0.7 -7.9 1143.544194
0.7 -7.8 1141.727923
0.7 -7.7 1139.910603
0.7 -7.6 1138.090997
0.7 -7.5 1136.267841
0.7 -7.4 1134.439837
0.7 -7.3 1132.605643
0.7 -7.2 1130.763871
0.7 -7.1 1128.913071
0.7 -7 1127.051725
0.7 -6.9 1125.178236
0.7 -6.8 1123.290917
0.7 -6.7 1121.387973
0.7 -6.6 1119.467491
0.7 -6.5 1117.527418
0.7 -6.4 1115.565544
0.7 -6.3 1113.579479
0.7 -6.2 1111.566622
0.7 -6.1 1109.524137
0.7 -6 1107.44891
0.7 -5.9 1105.33751
0.7 -5.8 1103.186139
0.7 -5.7 1100.99057
0.7 -5.6 1098.746079
0.7 -5.5 1096.447354
0.7 -5.4 1094.088397
0.7 -5.3 1091.662396
0.7 -5.2 1089.161569
0.7 -5.1 1086.576981
0.7 -5 1083.898303
0.7 -4.9 1081.113529
0.7 -4.8 1078.208605
0.7 -4.7 1075.166975
0.7 -4.6 1071.968996
0.7 -4.5 1068.591205
0.7 -4.4 1065.005374
0.7 -4.3 1061.177314
0.7 -4.2 1057.065343
0.7 -4.1 1052.618365
0.7 -4 1047.773497
0.7 -3.9 1042.453223
0.7 -3.8 1036.562227
0.7 -3.7 1029.984307
0.7 -3.6 1022.580283
0.7 -3.5 1014.188601
0.7 -3.4 1004.63105
0.7 -3.3 993.7259945
0.7 -3.2 981.3093446
0.7 -3.1 967.2586083
0.7 -3 951.5104906
0.7 -2.9 934.063002
0.7 -2.8 914.9609635
0.7 -2.7 894.2727477
0.7 -2.6 872.0683777
0.7 -2.5 848.4047869
0.7 -2.4 823.3186937
0.7 -2.3 796.8248055
0.7 -2.2 768.9167998
0.7 -2.1 739.5693037
0.7 -2 708.7399169
0.7 -1.9 676.3708781
0.7 -1.8 642.3902796
0.7 -1.7 606.7128782
0.7 -1.6 569.2406169
0.7 -1.5 529.8630162
0.7 -1.4 488.4576607
0.7 -1.3 444.8911461
0.7 -1.2 399.0211915
0.7 -1.1 350.7014817
0.7 -1 299.793167
0.7 -0.9 246.194203
0.7 -0.8 189.9231241
0.7 -0.7 131.4006438
0.7 -0.6 72.67002801
0.7 -0.5 26.63210913
0.7 -0.4 19.4444732
0.7 -0.3 16.65477784
0.7 -0.2 14.17227465
0.7 -0.1 11.45208731
0.7 0 3.266686146
0.7 0.1 -11.0989221
0.7 0.2 -13.84672851
0.7 0.3 -16.33907785
0.7 0.4 -19.15333324
0.7 0.5 -30.11825667
0.7 0.6 -414.2528455
0.7 0.7 -441.4861133
0.7 0.8 -454.8195899
0.7 0.9 -463.8651323
0.7 1 -470.7357075
0.7 1.1 -476.2917816
0.7 1.2 -480.9656386
0.7 1.3 -485.0055244
0.7 1.4 -488.567369
0.7 1.5 -491.755623
0.7 1.6 -494.6437286
0.7 1.7 -497.2853187
0.7 1.8 -499.7207705
0.7 1.9 -501.9812511
0.7 2 -504.0913275
0.7 2.1 -506.0707107
0.7 2.2 -507.9354592
0.7 2.3 -509.6988307
0.7 2.4 -511.3718988
0.7 2.5 -512.9640085
0.7 2.6 -514.4831189
0.7 2.7 -515.9360649
0.7 2.8 -517.3287595
0.7 2.9 -518.6663528
0.7 3 -519.953358
0.7 3.1 -521.1937526
0.7 3.2 -522.3910599
0.7 3.3 -523.5484158
0.7 3.4 -524.6686234
0.7 3.5 -525.7541992
0.7 3.6 -526.8074102
0.7 3.7 -527.8303064
0.7 3.8 -528.8247474
0.7 3.9 -529.7924257
0.7 4 -530.7348855
0.7 4.1 -531.6535401
0.7 4.2 -532.5496864
0.7 4.3 -533.4245169
0.7 4.4 -534.279131
0.7 4.5 -535.1145442
0.7 4.6 -535.9316967
0.7 4.7 -536.7314607
0.7 4.8 -537.5146465
0.7 4.9 -538.2820084
0.7 5 -539.03425
0.7 5.1 -539.7720283
0.7 5.2 -540.4959579
0.7 5.3 -541.2066146
0.7 5.4 -541.9045385
0.7 5.5 -542.5902372
0.7 5.6 -543.2641877
0.7 5.7 -543.9268398
0.7 5.8 -544.5786171
0.7 5.9 -545.2199199
0.7 6 -545.8511262
0.7 6.1 -546.4725938
0.7 6.2 -547.0846614
0.7 6.3 -547.6876501
0.7 6.4 -548.2818647
0.7 6.5 -548.8675945
0.7 6.6 -549.4451146
0.7 6.7 -550.0146867
0.7 6.8 -550.5765601
0.7 6.9 -551.1309721
0.7 7 -551.6781493
0.7 7.1 -552.2183078
0.7 7.2 -552.751654
0.7 7.3 -553.2783853
0.7 7.4 -553.7986903
0.7 7.5 -554.3127497
0.7 7.6 -554.8207365
0.7 7.7 -555.3228164
0.7 7.8 -555.8191483
0.7 7.9 -556.3098849
0.7 8 -556.7951724
0.8 -8 1045.3636
0.8 -7.9 1043.547214
0.8 -7.8 1041.730998
0.8 -7.7 1039.913736
0.8 -7.6 1038.094191
0.8 -7.5 1036.2711
0.8 -7.4 1034.443162
0.8 -7.3 1032.60904
0.8 -7.2 1030.767342
0.8 -7.1 1028.91662
0.8 -7 1027.055357
0.8 -6.9 1025.181956
0.8 -6.8 1023.294729
0.8 -6.7 1021.391884
0.8 -6.6 1019.471506
0.8 -6.5 1017.531545
0.8 -6.4 1015.569791
0.8 -6.3 1013.583852
0.8 -6.2 1011.571132
0.8 -6.1 1009.528793
0.8 -6 1007.453723
0.8 -5.9 1005.342494
0.8 -5.8 1003.191307
0.8 -5.7 1000.995939
0.8 -5.6 998.7516661
0.8 -5.5 996.4531799
0.8 -5.4 994.094485
0.8 -5.3 991.668772
0.8 -5.2 989.1682648
0.8 -5.1 986.5840315
0.8 -5 983.9057508
0.8 -4.9 981.121422
0.8 -4.8 978.2170007
0.8 -4.7 975.1759408
0.8 -4.6 971.9786143
0.8 -4.5 968.6015744
0.8 -4.4 965.0166149
0.8 -4.3 961.1895714
0.8 -4.2 957.0787965
0.8 -4.1 952.6332391
0.8 -4 947.7900681
0.8 -3.9 942.471837
0.8 -3.8 936.5833153
0.8 -3.7 930.0083995
0.8 -3.6 922.6080237
0.8 -3.5 914.2207471
0.8 -3.4 904.6684516
0.8 -3.3 893.7695458
0.8 -3.2 881.3599046
0.8 -3.1 867.3169252
0.8 -3 851.5771615
0.8 -2.9 834.1384985
0.8 -2.8 815.0457144
0.8 -2.7 794.367246
0.8 -2.6 772.173282
0.8 -2.5 748.5210059
0.8 -2.4 723.4474633
0.8 -2.3 696.9677708
0.8 -2.2 669.076121
0.8 -2.1 639.7478037
0.8 -2 608.9412954
0.8 -1.9 576.600029
0.8 -1.8 542.6537712
0.8 -1.7 507.0196973
0.8 -1.6 469.6033606
0.8 -1.5 430.2998733
0.8 -1.4 388.9958647
0.8 -1.3 345.5733419
0.8 -1.2 299.9180162
0.8 -1.1 251.9386476
0.8 -1 201.6164373
0.8 -0.9 149.1490572
0.8 -0.8 95.46288032
0.8 -0.7 44.85931603
0.8 -0.6 22.69980161
0.8 -0.5 19.50410805
0.8 -0.4 17.1403013
0.8 -0.3 15.0249837
0.8 -0.2 12.90824827
0.8 -0.1 10.4238972
0.8 0 2.335140387
0.8 0.1 -10.16241104
0.8 0.2 -12.6817253
0.8 0.3 -14.81912226
0.8 0.4 -16.96313333
0.8 0.5 -19.38715362
0.8 0.6 -22.91992339
0.8 0.7 -473.0505832
0.8 0.8 -531.8725541
0.8 0.9 -549.0129224
0.8 1 -559.5423035
0.8 1.1 -567.2262496
0.8 1.2 -573.2991094
0.8 1.3 -578.3325974
0.8 1.4 -582.6386083
0.8 1.5 -586.4062843
0.8 1.6 -589.7591241
0.8 1.7 -592.782291
0.8 1.8 -595.5370352
0.8 1.9 -598.068905
0.8 2 -600.4127059
0.8 2.1 -602.5956417
0.8 2.2 -604.639384
0.8 2.3 -606.5614803
0.8 2.4 -608.3763412
0.8 2.5 -610.0959471
0.8 2.6 -611.7303674
0.8 2.7 -613.2881471
0.8 2.8 -614.7766002
0.8 2.9 -616.202036
0.8 3 -617.5699356
0.8 3.1 -618.8850905
0.8 3.2 -620.1517144
0.8 3.3 -621.3735325
0.8 3.4 -622.5538543
0.8 3.5 -623.6956334
0.8 3.6 -624.8015166
0.8 3.7 -625.8738856
0.8 3.8 -626.9148908
0.8 3.9 -627.9264806
0.8 4 -628.9104261
0.8 4.1 -629.8683415
0.8 4.2 -630.801703
0.8 4.3 -631.7118631
0.8 4.4 -632.6000651
0.8 4.5 -633.4674537
0.8 4.6 -634.3150857
0.8 4.7 -635.1439387
0.8 4.8 -635.9549187
0.8 4.9 -636.7488671
0.8 5 -637.5265665
0.8 5.1 -638.2887464
0.8 5.2 -639.0360876
0.8 5.3 -639.7692266
0.8 5.4 -640.4887594
0.8 5.5 -641.1952447
0.8 5.6 -641.8892072
0.8 5.7 -642.5711401
0.8 5.8 -643.2415077
0.8 5.9 -643.9007476
0.8 6 -644.5492728
0.8 6.1 -645.1874732
0.8 6.2 -645.8157177
0.8 6.3 -646.4343555
0.8 6.4 -647.0437173
0.8 6.5 -647.6441171
0.8 6.6 -648.2358527
0.8 6.7 -648.8192073
0.8 6.8 -649.3944501
0.8 6.9 -649.9618373
0.8 7 -650.5216132
0.8 7.1 -651.0740104
0.8 7.2 -651.6192511
0.8 7.3 -652.1575473
0.8 7.4 -652.6891016
0.8 7.5 -653.2141077
0.8 7.6 -653.7327511
0.8 7.7 -654.2452092
0.8 7.8 -654.751652
0.8 7.9 -655.2522425
0.8 8 -655.747137
0.9 -8 945.3672171
0.9 -7.9 943.5508966
0.9 -7.8 941.7347493
0.9 -7.7 939.9175591
0.9 -7.6 938.0980894
0.9 -7.5 936.2750764
0.9 -7.4 934.447222
0.9 -7.3 932.6131864
0.9 -7.2 930.7715801
0.9 -7.1 928.9209548
0.9 -7 927.0597937
0.9 -6.9 925.1865008
0.9 -6.8 923.2993886
0.9 -6.7 921.3966646
0.9 -6.6 919.4764159
0.9 -6.5 917.5365919
0.9 -6.4 915.5749839
0.9 -6.3 913.5892023
0.9 -6.2 911.5766502
0.9 -6.1 909.5344918
0.9 -6 907.4596167
0.9 -5.9 905.3485973
0.9 -5.8 903.1976383
0.9 -5.7 901.0025174
0.9 -5.6 898.7585137
0.9 -5.5 896.4603222
0.9 -5.4 894.1019508
0.9 -5.3 891.6765945
0.9 -5.2 889.176482
0.9 -5.1 886.5926875
0.9 -5 883.9148972
0.9 -4.9 881.1311191
0.9 -4.8 878.2273199
0.9 -4.7 875.1869668
0.9 -4.6 871.9904488
0.9 -4.5 868.6143398
0.9 -4.4 865.03046
0.9 -4.3 861.2046785
0.9 -4.2 857.0953904
0.9 -4.1 852.6515983
0.9 -4 847.81054
0.9 -3.9 842.4948556
0.9 -3.8 836.6094216
0.9 -3.7 830.0382632
0.9 -3.6 822.6424603
0.9 -3.5 814.260722
0.9 -3.4 804.7150579
0.9 -3.3 793.8239466
0.9 -3.2 781.423242
0.9 -3.1 767.3902273
0.9 -3 751.6612953
0.9 -2.9 734.2342042
0.9 -2.8 715.153713
0.9 -2.7 694.4883816
0.9 -2.6 672.308662
0.9 -2.5 648.6721297
0.9 -2.4 623.6163497
0.9 -2.3 597.1571085
0.9 -2.2 569.28947
0.9 -2.1 539.9898867
0.9 -2 509.2184328
0.9 -1.9 476.9208065
0.9 -1.8 443.0300936
0.9 -1.7 407.4685107
0.9 -1.6 370.1495855
0.9 -1.5 330.9816637
0.9 -1.4 289.8746332
0.9 -1.3 246.7543785
0.9 -1.2 201.5971031
0.9 -1.1 154.5211876
0.9 -1 106.0788669
0.9 -0.9 58.50758098
0.9 -0.8 26.21823923
0.9 -0.7 21.87361027
0.9 -0.6 19.43307265
0.9 -0.5 17.39963135
0.9 -0.4 15.54653796
0.9 -0.3 13.73251854
0.9 -0.2 11.8097704
0.9 -0.1 9.463581587
0.9 0 1.401833245
0.9 0.1 -9.26623691
0.9 0.2 -11.64807716
0.9 0.3 -13.59246469
0.9 0.4 -15.43173398
0.9 0.5 -17.32265897
0.9 0.6 -19.42476227
0.9 0.7 -22.02796562
0.9 0.8 -32.47796115
0.9 0.9 -611.3926337
0.9 1 -639.6129574
0.9 1.1 -653.1594418
0.9 1.2 -662.3143335
0.9 1.3 -669.256933
0.9 1.4 -674.8676034
0.9 1.5 -679.5862526
0.9 1.6 -683.6646629
0.9 1.7 -687.2606378
0.9 1.8 -690.4797247
0.9 1.9 -693.3960602
0.9 2 -696.0637456
0.9 2.1 -698.5234914
0.9 2.2 -700.8067124
0.9 2.3 -702.9381664
0.9 2.4 -704.9377163
0.9 2.5 -706.8215442
0.9 2.6 -708.6030108
0.9 2.7 -710.2932768
0.9 2.8 -711.9017621
0.9 2.9 -713.436491
0.9 3 -714.9043555
0.9 3.1 -716.3113192
0.9 3.2 -717.6625774
0.9 3.3 -718.9626841
0.9 3.4 -720.2156532
0.9 3.5 -721.4250412
0.9 3.6 -722.5940142
0.9 3.7 -723.7254031
0.9 3.8 -724.8217495
0.9 3.9 -725.8853439
0.9 4 -726.9182576
0.9 4.1 -727.92237
0.9 4.2 -728.8993919
0.9 4.3 -729.8508846
0.9 4.4 -730.7782773
0.9 4.5 -731.6828813
0.9 4.6 -732.5659031
0.9 4.7 -733.4284548
0.9 4.8 -734.2715639
0.9 4.9 -735.096182
0.9 5 -735.9031915
0.9 5.1 -736.6934127
0.9 5.2 -737.4676093
0.9 5.3 -738.2264935
0.9 5.4 -738.9707306
0.9 5.5 -739.7009429
0.9 5.6 -740.4177135
0.9 5.7 -741.1215896
0.9 5.8 -741.8130849
0.9 5.9 -742.4926832
0.9 6 -743.1608395
0.9 6.1 -743.8179835
0.9 6.2 -744.4645204
0.9 6.3 -745.1008334
0.9 6.4 -745.7272849
0.9 6.5 -746.3442182
0.9 6.6 -746.9519586
0.9 6.7 -747.5508151
0.9 6.8 -748.1410808
0.9 6.9 -748.7230346
0.9 7 -749.2969416
0.9 7.1 -749.8630545
0.9 7.2 -750.421614
0.9 7.3 -750.9728495
0.9 7.4 -751.5169802
0.9 7.5 -752.0542152
0.9 7.6 -752.5847548
0.9 7.7 -753.10879
0.9 7.8 -753.626504
0.9 7.9 -754.1380721
0.9 8 -754.6436624
1 -8 845.3717209
1 -7.9 843.5554828
1 -7.8 841.7394218
1 -7.7 839.9223218
1 -7.6 838.1029467
1 -7.5 836.2800329
1 -7.4 834.4522827
1 -7.3 832.6183567
1 -7.2 830.7768658
1 -7.1 828.9263622
1 -7 827.0653297
1 -6.9 825.1921728
1 -6.8 823.3052047
1 -6.7 821.4026337
1 -6.6 819.4825476
1 -6.5 817.5428968
1 -6.4 815.5814738
1 -6.3 813.59589
1 -6.2 811.58355
1 -6.1 809.5416195
1 -6 807.46699
1 -5.9 805.3562359
1 -5.8 803.2055644
1 -5.7 801.0107559
1 -5.6 798.7670927
1 -5.5 796.4692738
1 -5.4 794.1113117
1 -5.3 791.6864065
1 -5.2 789.1867935
1 -5.1 786.6035547
1 -5 783.9263855
1 -4.9 781.1433055
1 -4.8 778.2402951
1 -4.7 775.2008389
1 -4.6 772.0053473
1 -4.5 768.630421
1 -4.4 765.0479142
1 -4.3 761.2237389
1 -4.2 757.1163448
1 -4.1 752.6748045
1 -4 747.8364447
1 -3.9 742.5240183
1 -3.8 736.6425423
1 -3.7 730.0762116
1 -3.6 722.6863014
1 -3.5 714.3117254
1 -3.4 704.7746769
1 -3.3 693.8937511
1 -3.2 681.5048112
1 -3.1 667.4850381
1 -3 651.7706681
1 -2.9 634.3593531
1 -2.8 615.2958952
1 -2.7 594.6490984
1 -2.6 572.4898719
1 -2.5 548.8764622
1 -2.4 523.8473437
1 -2.3 497.4195176
1 -2.2 469.5896971
1 -2.1 440.3366372
1 -2 409.6237354
1 -1.9 377.4016632
1 -1.8 343.6112533
1 -1.7 308.1873545
1 -1.6 271.0652341
1 -1.5 232.1931772
1 -1.4 191.5606718
1 -1.3 149.2699017
1 -1.2 105.7496046
1 -1.1 62.60493653
1 -1 29.437848
1 -0.9 23.7867646
1 -0.8 21.2936032
1 -0.7 19.28053772
1 -0.6 17.51001596
1 -0.5 15.86020151
1 -0.4 14.24661675
1 -0.3 12.59043258
1 -0.2 10.77789808
1 -0.1 8.515944173
1 0 0.7243720015
1 0.1 -8.365493949
1 0.2 -10.662388
1 0.3 -12.49560227
1 0.4 -14.17336031
1 0.5 -15.81420938
1 0.6 -17.50364878
1 0.7 -19.33909371
1 0.8 -21.47316641
1 0.9 -24.27593337
1 1 -68.50193641
1 1.1 -720.207414
1 1.2 -742.7791827
1 1.3 -754.9992284
1 1.4 -763.5379947
1 1.5 -770.1297843
1 1.6 -775.5149667
1 1.7 -780.0771601
1 1.8 -784.04117
1 1.9 -787.5502464
1 2 -790.7013883
1 2.1 -793.5633799
1 2.2 -796.1867995
1 2.3 -798.609944
1 2.4 -800.8625199
1 2.5 -802.9680421
1 2.6 -804.9454479
1 2.7 -806.8102167
1 2.8 -808.5751658
1 2.9 -810.2510302
1 3 -811.846891
1 3.1 -813.3705003
1 3.2 -814.8285287
1 3.3 -816.2267582
1 3.4 -817.5702338
1 3.5 -818.863384
1 3.6 -820.1101177
1 3.7 -821.3139021
1 3.8 -822.4778277
1 3.9 -823.6046607
1 4 -824.6968869
1 4.1 -825.7567488
1 4.2 -826.786276
1 4.3 -827.7873117
1 4.4 -828.7615346
1 4.5 -829.7104785
1 4.6 -830.6355478
1 4.7 -831.5380324
1 4.8 -832.4191193
1 4.9 -833.2799036
1 5 -834.1213978
1 5.1 -834.9445396
1 5.2 -835.7501996
1 5.3 -836.539187
1 5.4 -837.3122557
1 5.5 -838.0701091
1 5.6 -838.8134045
1 5.7 -839.542757
1 5.8 -840.2587432
1 5.9 -840.9619042
1 6 -841.6527486
1 6.1 -842.3317549
1 6.2 -842.9993741
1 6.3 -843.6560313
1 6.4 -844.3021283
1 6.5 -844.9380448
1 6.6 -845.56414
1 6.7 -846.1807543
1 6.8 -846.7882105
1 6.9 -847.386815
1 7 -847.9768587
1 7.1 -848.5586184
1 7.2 -849.1323574
1 7.3 -849.6983266
1 7.4 -850.2567649
1 7.5 -850.8079004
1 7.6 -851.3519508
1 7.7 -851.889124
1 7.8 -852.4196188
1 7.9 -852.9436255
1 8 -853.461326
1.1 -8 745.3774764
1.1 -7.9 743.5613452
1.1 -7.8 741.7453958
1.1 -7.7 739.9284128
1.1 -7.6 738.1091603
1.1 -7.5 736.286375
1.1 -7.4 734.4587599
1.1 -7.3 732.624976
1.1 -7.2 730.7836348
1.1 -7.1 728.9332892
1.1 -7 727.0724235
1.1 -6.9 725.1994431
1.1 -6.8 723.312662
1.1 -6.7 721.4102895
1.1 -6.6 719.4904146
1.1 -6.5 717.5509889
1.1 -6.4 715.589806
1.1 -6.3 713.6044794
1.1 -6.2 711.592415
1.1 -6.1 709.5507809
1.1 -6 707.4764708
1.1 -5.9 705.3660619
1.1 -5.8 703.2157645
1.1 -5.7 701.0213627
1.1 -5.6 698.7781431
1.1 -5.5 696.4808098
1.1 -5.4 694.123381
1.1 -5.3 691.6990642
1.1 -5.2 689.2001032
1.1 -5.1 686.6175898
1.1 -5 683.941232
1.1 -4.9 681.1590644
1.1 -4.8 678.2570857
1.1 -4.7 675.2188036
1.1 -4.6 672.0246566
1.1 -4.5 668.6512813
1.1 -4.4 665.0705768
1.1 -4.3 661.2485122
1.1 -4.2 657.1436106
1.1 -4.1 652.7050381
1.1 -4 647.8702413
1.1 -3.9 642.5621255
1.1 -3.8 636.6858995
1.1 -3.7 630.1259921
1.1 -3.6 622.7439513
1.1 -3.5 614.3789853
1.1 -3.4 604.853565
1.1 -3.3 593.9864903
1.1 -3.2 581.6137033
1.1 -3.1 567.6123321
1.1 -3 551.9185046
1.1 -2.9 534.5298497
1.1 -2.8 515.4913738
1.1 -2.7 494.8724034
1.1 -2.6 472.7447338
1.1 -2.5 449.1679115
1.1 -2.4 424.1822287
1.1 -2.3 397.8072319
1.1 -2.2 370.0432831
1.1 -2.1 340.8745503
1.1 -2 310.272788
1.1 -1.9 278.2021697
1.1 -1.8 244.6265232
1.1 -1.7 209.5224129
1.1 -1.6 172.9069537
1.1 -1.5 134.9063768
1.1 -1.4 95.95877885
1.1 -1.3 57.63847291
1.1 -1.2 29.79900005
1.1 -1.1 25.16159015
1.1 -1 22.74110628
1.1 -0.9 20.78218164
1.1 -0.8 19.07506688
1.1 -0.7 17.51107712
1.1 -0.6 16.02101779
1.1 -0.5 14.55419383
1.1 -0.4 13.06474207
1.1 -0.3 11.49627637
1.1 -0.2 9.748842003
1.1 -0.1 7.539286981
1.1 0 0.3631956771
1.1 0.1 -7.424053314
1.1 0.2 -9.668149854
1.1 0.3 -11.43557394
1.1 0.4 -13.02324343
1.1 0.5 -14.5342074
1.1 0.6 -16.02796711
1.1 0.7 -17.55513594
1.1 0.8 -19.17502376
1.1 0.9 -20.97403883
1.1 1 -23.1007549
1.1 1.1 -25.93445344
1.1 1.2 -79.53525976
1.1 1.3 -820.4251194
1.1 1.4 -842.6282163
1.1 1.5 -854.7546526
1.1 1.6 -863.2481447
1.1 1.7 -869.815507
1.1 1.8 -875.1864
1.1 1.9 -879.7399688
1.1 2 -883.6988155
1.1 2.1 -887.2049764
1.1 2.2 -890.3547266
1.1 2.3 -893.216392
1.1 2.4 -895.8402474
1.1 2.5 -898.2643811
1.1 2.6 -900.5183522
1.1 2.7 -902.6255687
1.1 2.8 -904.6048892
1.1 2.9 -906.471734
1.1 3 -908.2388758
1.1 3.1 -909.917015
1.1 3.2 -911.5152064
1.1 3.3 -913.0411811
1.1 3.4 -914.5015935
1.1 3.5 -915.9022129
1.1 3.6 -917.2480743
1.1 3.7 -918.5435984
1.1 3.8 -919.7926876
1.1 3.9 -920.9988045
1.1 4 -922.1650358
1.1 4.1 -923.2941447
1.1 4.2 -924.3886149
1.1 4.3 -925.4506871
1.1 4.4 -926.4823899
1.1 4.5 -927.4855656
1.1 4.6 -928.4618926
1.1 4.7 -929.4129041
1.1 4.8 -930.3400049
1.1 4.9 -931.2444846
1.1 5 -932.1275307
1.1 5.1 -932.9902386
1.1 5.2 -933.8336213
1.1 5.3 -934.658617
1.1 5.4 -935.4660967
1.1 5.5 -936.2568704
1.1 5.6 -937.0316927
1.1 5.7 -937.7912674
1.1 5.8 -938.5362527
1.1 5.9 -939.2672643
1.1 6 -939.9848795
1.1 6.1 -940.68964
1.1 6.2 -941.3820553
1.1 6.3 -942.0626044
1.1 6.4 -942.731739
1.1 6.5 -943.389885
1.1 6.6 -944.0374447
1.1 6.7 -944.6747984
1.1 6.8 -945.3023061
1.1 6.9 -945.9203089
1.1 7 -946.52913
1.1 7.1 -947.1290763
1.1 7.2 -947.7204396
1.1 7.3 -948.3034971
1.1 7.4 -948.8785127
1.1 7.5 -949.4457377
1.1 7.6 -950.0054117
1.1 7.7 -950.5577631
1.1 7.8 -951.1030104
1.1 7.9 -951.6413617
1.1 8 -952.1730165
1.2 -8 645.3850825
1.2 -7.9 643.5690949
1.2 -7.8 641.7532958
1.2 -7.7 639.9364701
1.2 -7.6 638.1173825
1.2 -7.5 636.2947704
1.2 -7.4 634.4673372
1.2 -7.3 632.6337447
1.2 -7.2 630.7926051
1.2 -7.1 628.9424722
1.2 -7 627.0818314
1.2 -6.9 625.2090889
1.2 -6.8 623.32256
1.2 -6.7 621.4204554
1.2 -6.6 619.5008654
1.2 -6.5 617.5617434
1.2 -6.4 615.600885
1.2 -6.3 613.6159056
1.2 -6.2 611.6042137
1.2 -6.1 609.5629802
1.2 -6 607.4891021
1.2 -5.9 605.3791602
1.2 -5.8 603.2293692
1.2 -5.7 601.0355181
1.2 -5.6 598.7928996
1.2 -5.5 596.4962245
1.2 -5.4 594.1395193
1.2 -5.3 591.7160011
1.2 -5.2 589.2179254
1.2 -5.1 586.636398
1.2 -5 583.961144
1.2 -4.9 581.1802184
1.2 -4.8 578.2796458
1.2 -4.7 575.242965
1.2 -4.6 572.0506543
1.2 -4.5 568.6793995
1.2 -4.4 565.1011627
1.2 -4.3 561.2819927
1.2 -4.2 557.1805152
1.2 -4.1 552.7460282
1.2 -4 547.916148
1.2 -3.9 542.6139975
1.2 -3.8 536.745061
1.2 -3.7 530.1941089
1.2 -3.6 522.8230953
1.2 -3.5 514.4716805
1.2 -3.4 504.9627884
1.2 -3.3 494.1156021
1.2 -3.2 481.7663099
1.2 -3.1 467.7921445
1.2 -3 452.1293062
1.2 -2.9 434.7756736
1.2 -2.8 415.7769101
1.2 -2.7 395.2035935
1.2 -2.6 373.1295283
1.2 -2.5 349.6172554
1.2 -2.4 324.711461
1.2 -2.3 298.4382529
1.2 -2.2 270.8081356
1.2 -2.1 241.8216728
1.2 -2 211.4785746
1.2 -1.9 179.793849
1.2 -1.8 146.8315839
1.2 -1.7 112.7892322
1.2 -1.6 78.26283183
1.2 -1.5 45.55388145
1.2 -1.4 29.16076288
1.2 -1.3 25.9958545
1.2 -1.2 23.77527056
1.2 -1.1 21.9311068
1.2 -1 20.30998923
1.2 -0.9 18.8241853
1.2 -0.8 17.41751515
1.2 -0.7 16.05116858
1.2 -0.6 14.69522171
1.2 -0.5 13.32224751
1.2 -0.4 11.90053479
1.2 -0.3 10.38256801
1.2 -0.2 8.674284261
1.2 -0.1 6.49722242
1.2 0 0.191722558
1.2 0.1 -6.408663155
1.2 0.2 -8.620654086
1.2 0.3 -10.34908694
1.2 0.4 -11.88534491
1.2 0.5 -13.32584353
1.2 0.6 -14.71984688
1.2 0.7 -16.10114115
1.2 0.8 -17.50032241
1.2 0.9 -18.95270175
1.2 1 -20.50681397
1.2 1.1 -22.23744855
1.2 1.2 -24.27204394
1.2 1.3 -26.89009285
1.2 1.4 -40.68160562
1.2 1.5 -910.9131151
1.2 1.6 -938.6233825
1.2 1.7 -952.0495118
1.2 1.8 -961.1568368
1.2 1.9 -968.0792493
1.2 2 -973.6826385
1.2 2.1 -978.4010205
1.2 2.2 -982.4833096
1.2 2.3 -986.08574
1.2 2.4 -989.3129281
1.2 2.5 -992.2384243
1.2 2.6 -994.9159454
1.2 2.7 -997.3859406
1.2 2.8 -999.6796436
1.2 2.9 -1001.821684
1.2 3 -1003.831833
1.2 3.1 -1005.726206
1.2 3.2 -1007.518117
1.2 3.3 -1009.218692
1.2 3.4 -1010.837326
1.2 3.5 -1012.382025
1.2 3.6 -1013.859671
1.2 3.7 -1015.27622
1.2 3.8 -1016.636861
1.2 3.9 -1017.946148
1.2 4 -1019.208094
1.2 4.1 -1020.426257
1.2 4.2 -1021.603805
1.2 4.3 -1022.743572
1.2 4.4 -1023.848103
1.2 4.5 -1024.919694
1.2 4.6 -1025.960419
1.2 4.7 -1026.972163
1.2 4.8 -1027.95664
1.2 4.9 -1028.915418
1.2 5 -1029.849931
1.2 5.1 -1030.761494
1.2 5.2 -1031.651318
1.2 5.3 -1032.52052
1.2 5.4 -1033.370133
1.2 5.5 -1034.201112
1.2 5.6 -1035.014345
1.2 5.7 -1035.810655
1.2 5.8 -1036.590811
1.2 5.9 -1037.355528
1.2 6 -1038.105476
1.2 6.1 -1038.841282
1.2 6.2 -1039.563531
1.2 6.3 -1040.272774
1.2 6.4 -1040.969529
1.2 6.5 -1041.654282
1.2 6.6 -1042.327492
1.2 6.7 -1042.989591
1.2 6.8 -1043.640989
1.2 6.9 -1044.282069
1.2 7 -1044.913199
1.2 7.1 -1045.534723
1.2 7.2 -1046.14697
1.2 7.3 -1046.750251
1.2 7.4 -1047.344861
1.2 7.5 -1047.931082
1.2 7.6 -1048.509182
1.2 7.7 -1049.079414
1.2 7.8 -1049.642021
1.2 7.9 -1050.197236
1.2 8 -1050.745279
1.3 -8 545.3955963
1.3 -7.9 543.5798119
1.3 -7.8 541.7642255
1.3 -7.7 539.9476227
1.3 -7.6 538.1287687
1.3 -7.5 536.3064018
1.3 -7.4 534.4792264
1.3 -7.3 532.6459053
1.3 -7.2 530.8050518
1.3 -7.1 528.9552208
1.3 -7 527.094899
1.3 -6.9 525.2224944
1.3 -6.8 523.3363239
1.3 -6.7 521.4345999
1.3 -6.6 519.5154152
1.3 -6.5 517.5767252
1.3 -6.4 515.6163285
1.3 -6.3 513.6318435
1.3 -6.2 511.6206825
1.3 -6.1 509.5800201
1.3 -6 507.5067581
1.3 -5.9 505.3974828
1.3 -5.8 503.248415
1.3 -5.7 501.0553511
1.3 -5.6 498.8135922
1.3 -5.5 496.5178593
1.3 -5.4 494.1621907
1.3 -5.3 491.7398176
1.3 -5.2 489.2430125
1.3 -5.1 486.6629018
1.3 -5 483.9892352
1.3 -4.9 481.2100983
1.3 -4.8 478.3115529
1.3 -4.7 475.2771846
1.3 -4.6 472.0875295
1.3 -4.5 468.7193471
1.3 -4.4 465.1446924
1.3 -4.3 461.329734
1.3 -4.2 457.233251
1.3 -4.1 452.8047405
1.3 -4 447.9820772
1.3 -3.9 442.6887179
1.3 -3.8 436.830576
1.3 -3.7 430.2929624
1.3 -3.6 422.9384913
1.3 -3.5 414.6075883
1.3 -3.4 405.1239991
1.3 -3.3 394.3077022
1.3 -3.2 381.9955775
1.3 -3.1 368.0654597
1.3 -3 352.4542544
1.3 -2.9 335.1610221
1.3 -2.8 316.2335551
1.3 -2.7 295.7460222
1.3 -2.6 273.7779373
1.3 -2.5 250.4007454
1.3 -2.4 225.6732304
1.3 -2.3 199.6446865
1.3 -2.2 172.365884
1.3 -2.1 143.9124414
1.3 -2 114.4380335
1.3 -1.9 84.32298127
1.3 -1.8 54.77351915
1.3 -1.7 33.13897376
1.3 -1.6 28.79634173
1.3 -1.5 26.38408912
1.3 -1.4 24.4312624
1.3 -1.3 22.75087994
1.3 -1.2 21.24293627
1.3 -1.1 19.8445123
1.3 -1 18.51408591
1.3 -0.9 17.22300932
1.3 -0.8 15.95013319
1.3 -0.7 14.67808096
1.3 -0.6 13.39025118
1.3 -0.5 12.06763658
1.3 -0.4 10.68396861
1.3 -0.3 9.195366153
1.3 -0.2 7.510341364
1.3 -0.1 5.352684544
1.3 0 0.1126360614
1.3 0.1 -5.284782757
1.3 0.2 -7.477802799
1.3 0.3 -9.184074406
1.3 0.4 -10.69136727
1.3 0.5 -12.09316421
1.3 0.6 -13.43454603
1.3 0.7 -14.74286413
1.3 0.8 -16.03847291
1.3 0.9 -17.33995082
1.3 1 -18.66783031
1.3 1.1 -20.04855372
1.3 1.2 -21.51997458
1.3 1.3 -23.14025157
1.3 1.4 -25.00433775
1.3 1.5 -27.28563766
1.3 1.6 -30.66628955
1.3 1.7 -919.1072091
1.3 1.8 -1027.196846
1.3 1.9 -1045.484768
1.3 2 -1056.427627
1.3 2.1 -1064.337914
1.3 2.2 -1070.559994
1.3 2.3 -1075.703465
1.3 2.4 -1080.096583
1.3 2.5 -1083.936689
1.3 2.6 -1087.351847
1.3 2.7 -1090.429966
1.3 2.8 -1093.234055
1.3 2.9 -1095.810847
1.3 3 -1098.195978
1.3 3.1 -1100.417255
1.3 3.2 -1102.4968
1.3 3.3 -1104.45251
1.3 3.4 -1106.299069
1.3 3.5 -1108.048677
1.3 3.6 -1109.711582
1.3 3.7 -1111.29648
1.3 3.8 -1112.810809
1.3 3.9 -1114.260987
1.3 4 -1115.652586
1.3 4.1 -1116.990478
1.3 4.2 -1118.278949
1.3 4.3 -1119.521784
1.3 4.4 -1120.72235
1.3 4.5 -1121.883649
1.3 4.6 -1123.008374
1.3 4.7 -1124.098946
1.3 4.8 -1125.157554
1.3 4.9 -1126.186178
1.3 5 -1127.186622
1.3 5.1 -1128.160527
1.3 5.2 -1129.109396
1.3 5.3 -1130.034607
1.3 5.4 -1130.937424
1.3 5.5 -1131.819013
1.3 5.6 -1132.680451
1.3 5.7 -1133.522732
1.3 5.8 -1134.346781
1.3 5.9 -1135.153455
1.3 6 -1135.94355
1.3 6.1 -1136.71781
1.3 6.2 -1137.47693
1.3 6.3 -1138.221559
1.3 6.4 -1138.952303
1.3 6.5 -1139.669733
1.3 6.6 -1140.374383
1.3 6.7 -1141.066758
1.3 6.8 -1141.74733
1.3 6.9 -1142.416546
1.3 7 -1143.074827
1.3 7.1 -1143.722572
1.3 7.2 -1144.360157
1.3 7.3 -1144.987938
1.3 7.4 -1145.606253
1.3 7.5 -1146.215422
1.3 7.6 -1146.81575
1.3 7.7 -1147.407526
1.3 7.8 -1147.991024
1.3 7.9 -1148.566507
1.3 8 -1149.134223
1.4 -8 445.4110812
1.4 -7.9 443.5956064
1.4 -7.8 441.7803439
1.4 -7.7 439.9640806
1.4 -7.6 438.1455829
1.4 -7.5 436.3235902
1.4 -7.4 434.4968083
1.4 -7.3 432.6639017
1.4 -7.2 430.8234852
1.4 -7.1 428.9741158
1.4 -7 427.1142823
1.4 -6.9 425.2423949
1.4 -6.8 423.3567733
1.4 -6.7 421.4556328
1.4 -6.6 419.5370696
1.4 -6.5 417.5990428
1.4 -6.4 415.6393554
1.4 -6.3 413.6556307
1.4 -6.2 411.6452863
1.4 -6.1 409.6055034
1.4 -6 407.5331912
1.4 -5.9 405.4249442
1.4 -5.8 403.2769934
1.4 -5.7 401.0851465
1.4 -5.6 398.8447181
1.4 -5.5 396.5504452
1.4 -5.4 394.1963849
1.4 -5.3 391.775791
1.4 -5.2 389.280963
1.4 -5.1 386.7030599
1.4 -5 384.0318713
1.4 -4.9 381.2555317
1.4 -4.8 378.3601631
1.4 -4.7 375.3294263
1.4 -4.6 372.143952
1.4 -4.5 368.7806193
1.4 -4.4 365.2116362
1.4 -4.3 361.4033683
1.4 -4.2 357.3148504
1.4 -4.1 352.8959137
1.4 -4 348.084871
1.4 -3.9 342.8057543
1.4 -3.8 336.9652287
1.4 -3.7 330.449577
1.4 -3.6 323.1226429
1.4 -3.5 314.8263549
1.4 -3.4 305.3862123
1.4 -3.3 294.6241379
1.4 -3.2 282.3791165
1.4 -3.1 268.5313944
1.4 -3 253.021105
1.4 -2.9 235.8523315
1.4 -2.8 217.0811746
1.4 -2.7 196.7956404
1.4 -2.6 175.098445
1.4 -2.5 152.1011393
1.4 -2.4 127.9360369
1.4 -2.3 102.8003961
1.4 -2.2 77.09160148
1.4 -2.1 51.98276229
1.4 -2 34.47560983
1.4 -1.9 30.75760685
1.4 -1.8 28.38713461
1.4 -1.7 26.44574601
1.4 -1.6 24.77210933
1.4 -1.5 23.27444664
1.4 -1.4 21.89312299
1.4 -1.3 20.58835307
1.4 -1.2 19.3330091
1.4 -1.1 18.10799606
1.4 -1 16.89917004
1.4 -0.9 15.69520895
1.4 -0.8 14.48602925
1.4 -0.7 13.26140966
1.4 -0.6 12.00945257
1.4 -0.5 10.71430469
1.4 -0.4 9.351859303
1.4 -0.3 7.879757999
1.4 -0.2 6.207474198
1.4 -0.1 4.075759192
1.4 0 0.07442404804
1.4 0.1 -4.019747839
1.4 0.2 -6.19198235
1.4 0.3 -7.886512484
1.4 0.4 -9.378837705
1.4 0.5 -10.76037466
1.4 0.6 -12.07436164
1.4 0.7 -13.34559736
1.4 0.8 -14.59062786
1.4 0.9 -15.82219505
1.4 1 -17.05168741
1.4 1.1 -18.29092959
1.4 1.2 -19.55397105
1.4 1.3 -20.85937726
1.4 1.4 -22.23360522
1.4 1.5 -23.71635265
1.4 1.6 -25.36957573
1.4 1.7 -27.29432886
1.4 1.8 -29.67635696
1.4 1.9 -33.62192686
1.4 2 -1072.447446
1.4 2.1 -1129.59734
1.4 2.2 -1146.616603
1.4 2.3 -1157.115508
1.4 2.4 -1164.797056
1.4 2.5 -1170.880177
1.4 2.6 -1175.930535
1.4 2.7 -1180.257119
1.4 2.8 -1184.047486
1.4 2.9 -1187.424194
1.4 3 -1190.471821
1.4 3.1 -1193.251236
1.4 3.2 -1195.807732
1.4 3.3 -1198.175945
1.4 3.4 -1200.382961
1.4 3.5 -1202.450375
1.4 3.6 -1204.39568
1.4 3.7 -1206.233256
1.4 3.8 -1207.975062
1.4 3.9 -1209.631159
1.4 4 -1211.210087
1.4 4.1 -1212.719165
1.4 4.2 -1214.164707
1.4 4.3 -1215.552203
1.4 4.4 -1216.886456
1.4 4.5 -1218.171692
1.4 4.6 -1219.411648
1.4 4.7 -1220.609647
1.4 4.8 -1221.768658
1.4 4.9 -1222.89134
1.4 5 -1223.98009
1.4 5.1 -1225.037071
1.4 5.2 -1226.064246
1.4 5.3 -1227.063398
1.4 5.4 -1228.036154
1.4 5.5 -1228.984004
1.4 5.6 -1229.908311
1.4 5.7 -1230.81033
1.4 5.8 -1231.691219
1.4 5.9 -1232.552043
1.4 6 -1233.393792
1.4 6.1 -1234.21738
1.4 6.2 -1235.023661
1.4 6.3 -1235.813424
1.4 6.4 -1236.587409
1.4 6.5 -1237.346305
1.4 6.6 -1238.090758
1.4 6.7 -1238.821369
1.4 6.8 -1239.538708
1.4 6.9 -1240.243304
1.4 7 -1240.935658
1.4 7.1 -1241.616243
1.4 7.2 -1242.2855
1.4 7.3 -1242.943851
1.4 7.4 -1243.59169
1.4 7.5 -1244.229393
1.4 7.6 -1244.857314
1.4 7.7 -1245.47579
1.4 7.8 -1246.085138
1.4 7.9 -1246.685663
1.4 8 -1247.277653
1.5 -8 345.4361976
1.5 -7.9 343.6212509
1.5 -7.8 341.8065417
1.5 -7.7 339.9908586
1.5 -7.6 338.1729701
1.5 -7.5 336.351618
1.5 -7.4 334.5255105
1.5 -7.3 332.6933146
1.5 -7.2 330.8536485
1.5 -7.1 329.0050722
1.5 -7 327.1460786
1.5 -6.9 325.2750819
1.5 -6.8 323.3904065
1.5 -6.7 321.4902731
1.5 -6.6 319.5727837
1.5 -6.5 317.6359044
1.5 -6.4 315.6774456
1.5 -6.3 313.6950395
1.5 -6.2 311.6861136
1.5 -6.1 309.6478607
1.5 -6 307.5772031
1.5 -5.9 305.4707508
1.5 -5.8 303.3247524
1.5 -5.7 301.1350366
1.5 -5.6 298.8969427
1.5 -5.5 296.6052365
1.5 -5.4 294.2540097
1.5 -5.3 291.8365576
1.5 -5.2 289.3452293
1.5 -5.1 286.7712445
1.5 -5 284.1044667
1.5 -4.9 281.3331215
1.5 -4.8 278.4434442
1.5 -4.7 275.4192375
1.5 -4.6 272.2413115
1.5 -4.5 268.8867746
1.5 -4.4 265.3281302
1.5 -4.3 261.5321281
1.5 -4.2 257.4583083
1.5 -4.1 253.0571711
1.5 -4 248.2679223
1.5 -3.9 243.015793
1.5 -3.8 237.2090613
1.5 -3.7 230.7361749
1.5 -3.6 223.4638607
1.5 -3.5 215.2378364
1.5 -3.4 205.8885019
1.5 -3.3 195.2440671
1.5 -3.2 183.1517269
1.5 -3.1 169.5031195
1.5 -3 154.2557288
1.5 -2.9 137.4425482
1.5 -2.8 119.1713934
1.5 -2.7 99.62987399
1.5 -2.6 79.13636114
1.5 -2.5 58.38960204
1.5 -2.4 40.29032911
1.5 -2.3 34.28217179
1.5 -2.2 31.68985398
1.5 -2.1 29.60735361
1.5 -2 27.83148531
1.5 -1.9 26.26432697
1.5 -1.8 24.84000407
1.5 -1.7 23.51339755
1.5 -1.6 22.25352803
1.5 -1.5 21.03890297
1.5 -1.4 19.85432903
1.5 -1.3 18.68872941
1.5 -1.2 17.53363975
1.5 -1.1 16.3821535
1.5 -1 15.22814382
1.5 -0.9 14.06562257
1.5 -0.8 12.88810881
1.5 -0.7 11.68785596
1.5 -0.6 10.45469608
1.5 -0.5 9.174008353
1.5 -0.4 7.82267606
1.5 -0.3 6.362546926
1.5 -0.2 4.716493118
1.5 -0.1 2.710980121
1.5 0 0.05305459219
1.5 0.1 -2.653555192
1.5 0.2 -4.706578174
1.5 0.3 -6.383508791
1.5 0.4 -7.86769923
1.5 0.5 -9.240343843
1.5 0.6 -10.54194084
1.5 0.7 -11.79582933
1.5 0.8 -13.01699383
1.5 0.9 -14.21603512
1.5 1 -15.4012181
1.5 1.1 -16.57969257
1.5 1.2 -17.75836999
1.5 1.3 -18.94471802
1.5 1.4 -20.14766556
1.5 1.5 -21.37881828
1.5 1.6 -22.65424621
1.5 1.7 -23.99723104
1.5 1.8 -25.44261125
1.5 1.9 -27.04388993
1.5 2 -28.88534889
1.5 2.1 -31.1073941
1.5 2.2 -34.09815314
1.5 2.3 -101.6065132
1.5 2.4 -1218.604926
1.5 2.5 -1241.130149
1.5 2.6 -1253.340927
1.5 2.7 -1261.881648
1.5 2.8 -1268.480757
1.5 2.9 -1273.87624
1.5 3 -1278.450514
1.5 3.1 -1282.427699
1.5 3.2 -1285.950617
1.5 3.3 -1289.115985
1.5 3.4 -1291.992398
1.5 3.5 -1294.630301
1.5 3.6 -1297.067896
1.5 3.7 -1299.334822
1.5 3.8 -1301.454543
1.5 3.9 -1303.445964
1.5 4 -1305.324538
1.5 4.1 -1307.103065
1.5 4.2 -1308.792268
1.5 4.3 -1310.401222
1.5 4.4 -1311.937674
1.5 4.5 -1313.408292
1.5 4.6 -1314.818861
1.5 4.7 -1316.174426
1.5 4.8 -1317.479418
1.5 4.9 -1318.737752
1.5 5 -1319.952897
1.5 5.1 -1321.12795
1.5 5.2 -1322.265682
1.5 5.3 -1323.368584
1.5 5.4 -1324.438905
1.5 5.5 -1325.478679
1.5 5.6 -1326.489755
1.5 5.7 -1327.473818
1.5 5.8 -1328.432408
1.5 5.9 -1329.366933
1.5 6 -1330.27869
1.5 6.1 -1331.168871
1.5 6.2 -1332.038576
1.5 6.3 -1332.888822
1.5 6.4 -1333.720553
1.5 6.5 -1334.534644
1.5 6.6 -1335.331908
1.5 6.7 -1336.113104
1.5 6.8 -1336.87894
1.5 6.9 -1337.630077
1.5 7 -1338.367135
1.5 7.1 -1339.090695
1.5 7.2 -1339.8013
1.5 7.3 -1340.499464
1.5 7.4 -1341.185669
1.5 7.5 -1341.860369
1.5 7.6 -1342.523993
1.5 7.7 -1343.176946
1.5 7.8 -1343.81961
1.5 7.9 -1344.452349
1.5 8 -1345.075504
1.6 -8 245.4841629
1.6 -7.9 243.6703143
1.6 -7.8 241.8567574
1.6 -7.7 240.0422849
1.6 -7.6 238.2256698
1.6 -7.5 236.4056587
1.6 -7.4 234.5809654
1.6 -7.3 232.750263
1.6 -7.2 230.9121764
1.6 -7.1 229.0652734
1.6 -7 227.2080549
1.6 -6.9 225.3389448
1.6 -6.8 223.456278
1.6 -6.7 221.5582873
1.6 -6.6 219.6430881
1.6 -6.5 217.7086618
1.6 -6.4 215.7528365
1.6 -6.3 213.7732641
1.6 -6.2 211.7673953
1.6 -6.1 209.7324492
1.6 -6 207.6653787
1.6 -5.9 205.5628295
1.6 -5.8 203.4210918
1.6 -5.7 201.2360435
1.6 -5.6 199.0030814
1.6 -5.5 196.7170403
1.6 -5.4 194.3720945
1.6 -5.3 191.9616382
1.6 -5.2 189.4781412
1.6 -5.1 186.9129703
1.6 -5 184.2561707
1.6 -4.9 181.4961936
1.6 -4.8 178.6195579
1.6 -4.7 175.6104254
1.6 -4.6 172.4500667
1.6 -4.5 169.1161861
1.6 -4.4 165.5820683
1.6 -4.3 161.8155
1.6 -4.2 157.7774141
1.6 -4.1 153.4202084
1.6 -4 148.6857071
1.6 -3.9 143.5028043
1.6 -3.8 137.7849693
1.6 -3.7 131.4281056
1.6 -3.6 124.3097981
1.6 -3.5 116.2918523
1.6 -3.4 107.2291367
1.6 -3.3 96.9887918
1.6 -3.2 85.48498072
1.6 -3.1 72.74039309
1.6 -3 59.03104245
1.6 -2.9 45.58793502
1.6 -2.8 38.36930627
1.6 -2.7 35.5923398
1.6 -2.6 33.40187396
1.6 -2.5 31.52789396
1.6 -2.4 29.88109391
1.6 -2.3 28.39789121
1.6 -2.2 27.03116143
1.6 -2.1 25.74705088
1.6 -2 24.52152801
1.6 -1.9 23.33750894
1.6 -1.8 22.18274398
1.6 -1.7 21.04830221
1.6 -1.6 19.92749515
1.6 -1.5 18.81511872
1.6 -1.4 17.70691744
1.6 -1.3 16.59919507
1.6 -1.2 15.48851342
1.6 -1.1 14.37143315
1.6 -1 13.24425586
1.6 -0.9 12.1027226
1.6 -0.8 10.94160939
1.6 -0.7 9.754233692
1.6 -0.6 8.533176394
1.6 -0.5 7.267659857
1.6 -0.4 5.945041602
1.6 -0.3 4.553921138
1.6 -0.2 3.092861983
1.6 -0.1 1.579430121
1.6 0 0.037875768
1.6 0.1 -1.518988204
1.6 0.2 -3.069978562
1.6 0.3 -4.57381689
1.6 0.4 -6.003427765
1.6 0.5 -7.35921685
1.6 0.6 -8.654289394
1.6 0.7 -9.902742247
1.6 0.8 -11.11613368
1.6 0.9 -12.30335082
1.6 1 -13.47125512
1.6 1.1 -14.62533555
1.6 1.2 -15.77022908
1.6 1.3 -16.91012959
1.6 1.4 -18.04913719
1.6 1.5 -19.19160218
1.6 1.6 -20.3425219
1.6 1.7 -21.50806128
1.6 1.8 -22.69629459
1.6 1.9 -23.91831016
1.6 2 -25.18988792
1.6 2.1 -26.53407582
1.6 2.2 -27.98521564
1.6 2.3 -29.59532095
1.6 2.4 -31.44388346
1.6 2.5 -33.65552177
1.6 2.6 -36.53614515
1.6 2.7 -70.00750117
1.6 2.8 -1313.005977
1.6 2.9 -1338.726668
1.6 3 -1351.723497
1.6 3.1 -1360.636103
1.6 3.2 -1367.450979
1.6 3.3 -1372.987921
1.6 3.4 -1377.662501
1.6 3.5 -1381.714801
1.6 3.6 -1385.296279
1.6 3.7 -1388.508735
1.6 3.8 -1391.423951
1.6 3.9 -1394.094474
1.6 4 -1396.559946
1.6 4.1 -1398.851031
1.6 4.2 -1400.991939
1.6 4.3 -1403.002131
1.6 4.4 -1404.897485
1.6 4.5 -1406.691131
1.6 4.6 -1408.394051
1.6 4.7 -1410.015526
1.6 4.8 -1411.563471
1.6 4.9 -1413.044694
1.6 5 -1414.465089
1.6 5.1 -1415.829798
1.6 5.2 -1417.143332
1.6 5.3 -1418.409669
1.6 5.4 -1419.63234
1.6 5.5 -1420.814489
1.6 5.6 -1421.95893
1.6 5.7 -1423.06819
1.6 5.8 -1424.14455
1.6 5.9 -1425.190073
1.6 6 -1426.206634
1.6 6.1 -1427.195938
1.6 6.2 -1428.159545
1.6 6.3 -1429.098881
1.6 6.4 -1430.015259
1.6 6.5 -1430.909883
1.6 6.6 -1431.783867
1.6 6.7 -1432.63824
1.6 6.8 -1433.473955
1.6 6.9 -1434.291896
1.6 7 -1435.092886
1.6 7.1 -1435.877692
1.6 7.2 -1436.647028
1.6 7.3 -1437.401562
1.6 7.4 -1438.14192
1.6 7.5 -1438.868687
1.6 7.6 -1439.582414
1.6 7.7 -1440.283618
1.6 7.8 -1440.972785
1.6 7.9 -1441.650374
1.6 8 -1442.316817
1.7 -8 145.6125235
1.7 -7.9 143.8022014
1.7 -7.8 141.9923632
1.7 -7.7 140.1818173
1.7 -7.6 138.3693542
1.7 -7.5 136.5537398
1.7 -7.4 134.7337094
1.7 -7.3 132.9079604
1.7 -7.2 131.0751446
1.7 -7.1 129.23386
1.7 -7 127.3826419
1.7 -6.9 125.5199529
1.7 -6.8 123.6441719
1.7 -6.7 121.7535816
1.7 -6.6 119.8463549
1.7 -6.5 117.9205391
1.7 -6.4 115.9740379
1.7 -6.3 114.0045916
1.7 -6.2 112.0097531
1.7 -6.1 109.9868617
1.7 -6 107.9330115
1.7 -5.9 105.8450158
1.7 -5.8 103.7193644
1.7 -5.7 101.552175
1.7 -5.6 99.33913459
1.7 -5.5 97.07543216
1.7 -5.4 94.75567792
1.7 -5.3 92.37380875
1.7 -5.2 89.9229766
1.7 -5.1 87.39541747
1.7 -5 84.78229892
1.7 -4.9 82.07354583
1.7 -4.8 79.25764786
1.7 -4.7 76.32146177
1.7 -4.6 73.25004352
1.7 -4.5 70.02659674
1.7 -4.4 66.63275241
1.7 -4.3 63.04974622
1.7 -4.2 59.26215884
1.7 -4.1 55.27007417
1.7 -4 51.13646001
1.7 -3.9 47.21786373
1.7 -3.8 44.36081783
1.7 -3.7 42.17227662
1.7 -3.6 40.22308862
1.7 -3.5 38.44350292
1.7 -3.4 36.81163752
1.7 -3.3 35.30738512
1.7 -3.2 33.90858103
1.7 -3.1 32.59384214
1.7 -3 31.34472188
1.7 -2.9 30.1462493
1.7 -2.8 28.98664517
1.7 -2.7 27.85680011
1.7 -2.6 26.74973103
1.7 -2.5 25.66008834
1.7 -2.4 24.58374309
1.7 -2.3 23.51746053
1.7 -2.2 22.45865152
1.7 -2.1 21.4051869
1.7 -2 20.35525908
1.7 -1.9 19.30727754
1.7 -1.8 18.25978756
1.7 -1.7 17.21140396
1.7 -1.6 16.16075368
1.7 -1.5 15.10642334
1.7 -1.4 14.04692658
1.7 -1.3 12.98135406
1.7 -1.2 11.9090398
1.7 -1.1 10.82960013
1.7 -1 9.744520708
1.7 -0.9 8.658245416
1.7 -0.8 7.579340881
1.7 -0.7 6.520052496
1.7 -0.6 5.492834609
1.7 -0.5 4.505385066
1.7 -0.4 3.558174593
1.7 -0.3 2.645757627
1.7 -0.2 1.759517263
1.7 -0.1 0.8896771043
1.7 0 0.02607400899
1.7 0.1 -0.841854309
1.7 0.2 -1.725329869
1.7 0.3 -2.636521091
1.7 0.4 -3.588314832
1.7 0.5 -4.592444992
1.7 0.6 -5.654882527
1.7 0.7 -6.770129521
1.7 0.8 -7.920936226
1.7 0.9 -9.08666786
1.7 1 -10.2521659
1.7 1.1 -11.40988945
1.7 1.2 -12.55761959
1.7 1.3 -13.69583378
1.7 1.4 -14.82611045
1.7 1.5 -15.95038968
1.7 1.6 -17.07070241
1.7 1.7 -18.18911971
1.7 1.8 -19.30780271
1.7 1.9 -20.42910723
1.7 2 -21.55573515
1.7 2.1 -22.69094642
1.7 2.2 -23.83886373
1.7 2.3 -25.00492242
1.7 2.4 -26.19654758
1.7 2.5 -27.42417985
1.7 2.6 -28.70282827
1.7 2.7 -30.05442522
1.7 2.8 -31.51144931
1.7 2.9 -33.1224664
1.7 3 -34.95957619
1.7 3.1 -37.12770018
1.7 3.2 -39.82613106
1.7 3.3 -49.39131977
1.7 3.4 -1397.196709
1.7 3.5 -1433.810747
1.7 3.6 -1448.71823
1.7 3.7 -1458.488564
1.7 3.8 -1465.784113
1.7 3.9 -1471.629574
1.7 4 -1476.519748
1.7 4.1 -1480.731724
1.7 4.2 -1484.436571
1.7 4.3 -1487.747465
1.7 4.4 -1490.74324
1.7 4.5 -1493.481052
1.7 4.6 -1496.003687
1.7 4.7 -1498.344024
1.7 4.8 -1500.527885
1.7 4.9 -1502.575924
1.7 5 -1504.504931
1.7 5.1 -1506.328739
1.7 5.2 -1508.058882
1.7 5.3 -1509.705082
1.7 5.4 -1511.275611
1.7 5.5 -1512.777564
1.7 5.6 -1514.217077
1.7 5.7 -1515.59949
1.7 5.8 -1516.92948
1.7 5.9 -1518.21117
1.7 6 -1519.448207
1.7 6.1 -1520.64384
1.7 6.2 -1521.800972
1.7 6.3 -1522.922207
1.7 6.4 -1524.009894
1.7 6.5 -1525.066153
1.7 6.6 -1526.092912
1.7 6.7 -1527.091921
1.7 6.8 -1528.064781
1.7 6.9 -1529.012954
1.7 7 -1529.937784
1.7 7.1 -1530.840507
1.7 7.2 -1531.72226
1.7 7.3 -1532.584097
1.7 7.4 -1533.426991
1.7 7.5 -1534.251846
1.7 7.6 -1535.059503
1.7 7.7 -1535.850744
1.7 7.8 -1536.626297
1.7 7.9 -1537.386845
1.7 8 -1538.133025
1.8 -8 61.35248278
1.8 -7.9 60.11488468
1.8 -7.8 58.89184295
1.8 -7.7 57.68277346
1.8 -7.6 56.4871299
1.8 -7.5 55.30445235
1.8 -7.4 54.13462836
1.8 -7.3 52.97729299
1.8 -7.2 51.8321369
1.8 -7.1 50.69904994
1.8 -7 49.57809077
1.8 -6.9 48.46951959
1.8 -6.8 47.37384001
1.8 -6.7 46.29183773
1.8 -6.6 45.22460262
1.8 -6.5 44.17351698
1.8 -6.4 43.1401921
1.8 -6.3 42.12634353
1.8 -6.2 41.13361348
1.8 -6.1 40.16337248
1.8 -6 39.2165482
1.8 -5.9 38.29352483
1.8 -5.8 37.39413196
1.8 -5.7 36.517711
1.8 -5.6 35.66322854
1.8 -5.5 34.82940358
1.8 -5.4 34.01482466
1.8 -5.3 33.21804319
1.8 -5.2 32.43763744
1.8 -5.1 31.67225244
1.8 -5 30.92061902
1.8 -4.9 30.18156644
1.8 -4.8 29.45402954
1.8 -4.7 28.7370501
1.8 -4.6 28.02977164
1.8 -4.5 27.33143028
1.8 -4.4 26.64134447
1.8 -4.3 25.9589051
1.8 -4.2 25.28356652
1.8 -4.1 24.61483861
1.8 -4 23.95227982
1.8 -3.9 23.29549112
1.8 -3.8 22.64411077
1.8 -3.7 21.9978098
1.8 -3.6 21.35628799
1.8 -3.5 20.71927051
1.8 -3.4 20.08650494
1.8 -3.3 19.45775866
1.8 -3.2 18.83281662
1.8 -3.1 18.21147936
1.8 -3 17.59356133
1.8 -2.9 16.97888929
1.8 -2.8 16.36730109
1.8 -2.7 15.75864439
1.8 -2.6 15.1527757
1.8 -2.5 14.54955939
1.8 -2.4 13.94886692
1.8 -2.3 13.35057605
1.8 -2.2 12.75457017
1.8 -2.1 12.16073775
1.8 -2 11.56897172
1.8 -1.9 10.97916903
1.8 -1.8 10.39123011
1.8 -1.7 9.805058534
1.8 -1.6 9.220560535
1.8 -1.5 8.637644674
1.8 -1.4 8.05622147
1.8 -1.3 7.476203056
1.8 -1.2 6.897502846
1.8 -1.1 6.320035214
1.8 -1 5.74371517
1.8 -0.9 5.168458043
1.8 -0.8 4.594179155
1.8 -0.7 4.020793486
1.8 -0.6 3.448215341
1.8 -0.5 2.876357979
1.8 -0.4 2.305133246
1.8 -0.3 1.734451158
1.8 -0.2 1.164219472
1.8 -0.1 0.5943432047
1.8 0 0.02472411001
1.8 0.1 -0.5447399044
1.8 0.2 -1.114155426
1.8 0.3 -1.683634268
1.8 0.4 -2.253294302
1.8 0.5 -2.823260405
1.8 0.6 -3.393665549
1.8 0.7 -3.964652062
1.8 0.8 -4.536373099
1.8 0.9 -5.108994364
1.8 1 -5.682696146
1.8 1.1 -6.257675735
1.8 1.2 -6.834150317
1.8 1.3 -7.41236046
1.8 1.4 -7.992574357
1.8 1.5 -8.575093012
1.8 1.6 -9.160256654
1.8 1.7 -9.748452729
1.8 1.8 -10.34012596
1.8 1.9 -10.93579114
1.8 2 -11.53604959
1.8 2.1 -12.14161059
1.8 2.2 -12.75331964
1.8 2.3 -13.37219621
1.8 2.4 -13.99948514
1.8 2.5 -14.6367273
1.8 2.6 -15.28585889
1.8 2.7 -15.94935285
1.8 2.8 -16.63042368
1.8 2.9 -17.33332738
1.8 3 -18.06380203
1.8 3.1 -18.82970209
1.8 3.2 -19.6418443
1.8 3.3 -20.51486904
1.8 3.4 -21.46716279
1.8 3.5 -22.51716466
1.8 3.6 -23.67278794
1.8 3.7 -24.91959678
1.8 3.8 -26.22571357
1.8 3.9 -27.56156254
1.8 4 -28.91028472
1.8 4.1 -30.26520668
1.8 4.2 -31.62485807
1.8 4.3 -32.99003946
1.8 4.4 -34.36267587
1.8 4.5 -35.74558422
1.8 4.6 -37.14269621
1.8 4.7 -38.55962472
1.8 4.8 -40.00468246
1.8 4.9 -41.49065998
1.8 5 -43.03792578
1.8 5.1 -44.67977247
1.8 5.2 -46.47156728
1.8 5.3 -48.5064867
1.8 5.4 -50.93773953
1.8 5.5 -54.00385527
1.8 5.6 -60.20773475
1.8 5.7 -1500.018885
1.8 5.8 -1537.091458
1.8 5.9 -1552.099741
1.8 6 -1561.939591
1.8 6.1 -1569.290281
1.8 6.2 -1575.182262
1.8 6.3 -1580.113089
1.8 6.4 -1584.361412
1.8 6.5 -1588.099288
1.8 6.6 -1591.440556
1.8 6.7 -1594.464526
1.8 6.8 -1597.228708
1.8 6.9 -1599.776155
1.8 7 -1602.139955
1.8 7.1 -1604.346097
1.8 7.2 -1606.415372
1.8 7.3 -1608.364681
1.8 7.4 -1610.207947
1.8 7.5 -1611.956785
1.8 7.6 -1613.620982
1.8 7.7 -1615.208866
1.8 7.8 -1616.727582
1.8 7.9 -1618.183307
1.8 8 -1619.581419
1.9 -8 535.8942441
1.9 -7.9 530.2792111
1.9 -7.8 522.6258762
1.9 -7.7 511.0728132
1.9 -7.6 491.0917416
1.9 -7.5 453.3198175
1.9 -7.4 385.4960932
1.9 -7.3 232.4827449
1.9 -7.2 186.5849556
1.9 -7.1 165.4697555
1.9 -7 151.3775954
1.9 -6.9 140.7236654
1.9 -6.8 132.1160833
1.9 -6.7 124.8692554
1.9 -6.6 118.5944603
1.9 -6.5 113.0496521
1.9 -6.4 108.0736985
1.9 -6.3 103.5538178
1.9 -6.2 99.40792881
1.9 -6.1 95.57439661
1.9 -6 92.00573902
1.9 -5.9 88.66458633
1.9 -5.8 85.52099013
1.9 -5.7 82.55057344
1.9 -5.6 79.73322478
1.9 -5.5 77.05215448
1.9 -5.4 74.49319891
1.9 -5.3 72.04429819
1.9 -5.2 69.69509788
1.9 -5.1 67.43664088
1.9 -5 65.26112603
1.9 -4.9 63.16171677
1.9 -4.8 61.13238797
1.9 -4.7 59.16780195
1.9 -4.6 57.26320741
1.9 -4.5 55.41435633
1.9 -4.4 53.61743506
1.9 -4.3 51.86900684
1.9 -4.2 50.1659636
1.9 -4.1 48.50548515
1.9 -4 46.88500457
1.9 -3.9 45.30217867
1.9 -3.8 43.7548626
1.9 -3.7 42.24108798
1.9 -3.6 40.75904399
1.9 -3.5 39.30706091
1.9 -3.4 37.88359575
1.9 -3.3 36.48721967
1.9 -3.2 35.11660694
1.9 -3.1 33.77052519
1.9 -3 32.44782678
1.9 -2.9 31.14744115
1.9 -2.8 29.86836805
1.9 -2.7 28.60967141
1.9 -2.6 27.37047397
1.9 -2.5 26.14995238
1.9 -2.4 24.94733284
1.9 -2.3 23.76188715
1.9 -2.2 22.59292915
1.9 -2.1 21.43981154
1.9 -2 20.30192292
1.9 -1.9 19.17868515
1.9 -1.8 18.06955096
1.9 -1.7 16.97400177
1.9 -1.6 15.89154563
1.9 -1.5 14.82171544
1.9 -1.4 13.76406723
1.9 -1.3 12.71817866
1.9 -1.2 11.68364758
1.9 -1.1 10.66009075
1.9 -1 9.647142583
1.9 -0.9 8.644454125
1.9 -0.8 7.651691965
1.9 -0.7 6.668537318
1.9 -0.6 5.694685142
1.9 -0.5 4.729843325
1.9 -0.4 3.773731935
1.9 -0.3 2.826082513
1.9 -0.2 1.886637427
1.9 -0.1 0.9551492566
1.9 0 0.0313802324
1.9 0.1 -0.8848982976
1.9 0.2 -1.793906361
1.9 0.3 -2.695855826
1.9 0.4 -3.590950832
1.9 0.5 -4.479388199
1.9 0.6 -5.361357811
1.9 0.7 -6.237042968
1.9 0.8 -7.106620733
1.9 0.9 -7.970262242
1.9 1 -8.828133006
1.9 1.1 -9.680393195
1.9 1.2 -10.5271979
1.9 1.3 -11.3686974
1.9 1.4 -12.20503737
1.9 1.5 -13.03635915
1.9 1.6 -13.86279992
1.9 1.7 -14.68449293
1.9 1.8 -15.50156768
1.9 1.9 -16.31415012
1.9 2 -17.12236279
1.9 2.1 -17.92632506
1.9 2.2 -18.72615319
1.9 2.3 -19.5219606
1.9 2.4 -20.3138579
1.9 2.5 -21.10195314
1.9 2.6 -21.88635186
1.9 2.7 -22.66715728
1.9 2.8 -23.44447042
1.9 2.9 -24.21839018
1.9 3 -24.98901352
1.9 3.1 -25.75643554
1.9 3.2 -26.52074962
1.9 3.3 -27.28204751
1.9 3.4 -28.04041943
1.9 3.5 -28.79595425
1.9 3.6 -29.54873951
1.9 3.7 -30.29886158
1.9 3.8 -31.04640577
1.9 3.9 -31.79145639
1.9 4 -32.53409693
1.9 4.1 -33.27441012
1.9 4.2 -34.01247805
1.9 4.3 -34.74838231
1.9 4.4 -35.48220408
1.9 4.5 -36.21402426
1.9 4.6 -36.9439236
1.9 4.7 -37.67198284
1.9 4.8 -38.39828283
1.9 4.9 -39.1229047
1.9 5 -39.84592998
1.9 5.1 -40.5674408
1.9 5.2 -41.28752005
1.9 5.3 -42.00625156
1.9 5.4 -42.72372032
1.9 5.5 -43.44001271
1.9 5.6 -44.1552167
1.9 5.7 -44.86942218
1.9 5.8 -45.58272117
1.9 5.9 -46.29520824
1.9 6 -47.00698076
1.9 6.1 -47.71813941
1.9 6.2 -48.42878852
1.9 6.3 -49.13903666
1.9 6.4 -49.84899715
1.9 6.5 -50.55878875
1.9 6.6 -51.26853636
1.9 6.7 -51.97837186
1.9 6.8 -52.68843511
1.9 6.9 -53.39887506
1.9 7 -54.10985104
1.9 7.1 -54.8215343
1.9 7.2 -55.53410981
1.9 7.3 -56.24777835
1.9 7.4 -56.96275907
1.9 7.5 -57.67929252
1.9 7.6 -58.39764426
1.9 7.7 -59.11810939
1.9 7.8 -59.84101792
1.9 7.9 -60.56674159
1.9 8 -61.29570229
2 -8 476.6168623
2 -7.9 476.0807842
2 -7.8 475.5391838
2 -7.7 474.9918911
2 -7.6 474.4387277
2 -7.5 473.879506
2 -7.4 473.3140288
2 -7.3 472.7420882
2 -7.2 472.163465
2 -7.1 471.5779279
2 -7 470.9852327
2 -6.9 470.3851208
2 -6.8 469.7773186
2 -6.7 469.1615362
2 -6.6 468.5374655
2 -6.5 467.9047794
2 -6.4 467.2631297
2 -6.3 466.6121453
2 -6.2 465.9514302
2 -6.1 465.2805613
2 -6 464.5990853
2 -5.9 463.9065166
2 -5.8 463.2023333
2 -5.7 462.4859739
2 -5.6 461.7568332
2 -5.5 461.0142572
2 -5.4 460.257538
2 -5.3 459.4859077
2 -5.2 458.6985314
2 -5.1 457.8944986
2 -5 457.0728147
2 -4.9 456.2323895
2 -4.8 455.3720247
2 -4.7 454.4903996
2 -4.6 453.5860533
2 -4.5 452.6573642
2 -4.4 451.7025261
2 -4.3 450.7195189
2 -4.2 449.7060738
2 -4.1 448.6596307
2 -4 447.5772872
2 -3.9 446.4557351
2 -3.8 445.2911824
2 -3.7 444.079255
2 -3.6 442.8148742
2 -3.5 441.4920994
2 -3.4 440.1039257
2 -3.3 438.6420208
2 -3.2 437.0963763
2 -3.1 435.4548408
2 -3 433.7024838
2 -2.9 431.8207132
2 -2.8 429.786028
2 -2.7 427.5682155
2 -2.6 425.1276826
2 -2.5 422.4113997
2 -2.4 419.3465501
2 -2.3 415.8302643
2 -2.2 411.7124539
2 -2.1 406.7661242
2 -2 400.6345952
2 -1.9 392.7369221
2 -1.8 382.1059199
2 -1.7 367.1558626
2 -1.6 345.4608488
2 -1.5 313.2068912
2 -1.4 256.3488887
2 -1.3 127.2676981
2 -1.2 91.72920448
2 -1.1 72.38101479
2 -1 58.96395045
2 -0.9 48.62323557
2 -0.8 40.16825342
2 -0.7 32.99025213
2 -0.6 26.73568632
2 -0.5 21.18070881
2 -0.4 16.17446614
2 -0.3 11.61037876
2 -0.2 7.410306258
2 -0.1 3.515224123
2 0 -0.1205608393
2 0.1 -3.533156526
2 0.2 -6.751599515
2 0.3 -9.799593927
2 0.4 -12.69674569
2 0.5 -15.45945854
2 0.6 -18.10159738
2 0.7 -20.63498804
2 0.8 -23.06979954
2 0.9 -25.41484074
2 1 -27.67779323
2 1.1 -29.86539644
2 1.2 -31.98359611
2 1.3 -34.03766462
2 1.4 -36.03229936
2 1.5 -37.97170365
2 1.6 -39.85965401
2 1.7 -41.69955624
2 1.8 -43.49449263
2 1.9 -45.24726188
2 2 -46.96041305
2 2.1 -48.6362745
2 2.2 -50.27697887
2 2.3 -51.88448454
2 2.4 -53.46059422
2 2.5 -55.00697122
2 2.6 -56.52515352
2 2.7 -58.01656621
2 2.8 -59.48253238
2 2.9 -60.92428274
2 3 -62.34296412
2 3.1 -63.73964705
2 3.2 -65.11533249
2 3.3 -66.4709578
2 3.4 -67.80740214
2 3.5 -69.12549127
2 3.6 -70.42600192
2 3.7 -71.70966564
2 3.8 -72.9771724
2 3.9 -74.22917369
2 4 -75.46628552
2 4.1 -76.68909097
2 4.2 -77.89814261
2 4.3 -79.09396471
2 4.4 -80.27705521
2 4.5 -81.44788755
2 4.6 -82.60691234
2 4.7 -83.75455895
2 4.8 -84.89123685
2 4.9 -86.01733696
2 5 -87.13323285
2 5.1 -88.23928184
2 5.2 -89.33582607
2 5.3 -90.42319338
2 5.4 -91.50169827
2 5.5 -92.5716427
2 5.6 -93.63331684
2 5.7 -94.68699982
2 5.8 -95.73296037
2 5.9 -96.77145749
2 6 -97.80274097
2 6.1 -98.82705204
2 6.2 -99.84462378
2 6.3 -100.8556817
2 6.4 -101.8604442
2 6.5 -102.859123
2 6.6 -103.8519234
2 6.7 -104.8390451
2 6.8 -105.8206819
2 6.9 -106.7970229
2 7 -107.7682522
2 7.1 -108.7345495
2 7.2 -109.6960903
2 7.3 -110.6530466
2 7.4 -111.6055866
2 7.5 -112.5538756
2 7.6 -113.4980758
2 7.7 -114.4383471
2 7.8 -115.3748469
2 7.9 -116.3077308
2 8 -117.2371529
2.1 -8 378.463681
2.1 -7.9 377.9844863
2.1 -7.8 377.501259
2.1 -7.7 377.0138971
2.1 -7.6 376.5222944
2.1 -7.5 376.0263403
2.1 -7.4 375.5259194
2.1 -7.3 375.0209114
2.1 -7.2 374.5111904
2.1 -7.1 373.9966251
2.1 -7 373.4770782
2.1 -6.9 372.9524059
2.1 -6.8 372.4224577
2.1 -6.7 371.8870759
2.1 -6.6 371.346095
2.1 -6.5 370.7993412
2.1 -6.4 370.2466322
2.1 -6.3 369.6877761
2.1 -6.2 369.1225708
2.1 -6.1 368.5508037
2.1 -6 367.9722503
2.1 -5.9 367.3866738
2.1 -5.8 366.793824
2.1 -5.7 366.1934359
2.1 -5.6 365.5852292
2.1 -5.5 364.9689065
2.1 -5.4 364.3441521
2.1 -5.3 363.7106304
2.1 -5.2 363.0679842
2.1 -5.1 362.4158327
2.1 -5 361.7537694
2.1 -4.9 361.0813599
2.1 -4.8 360.3981388
2.1 -4.7 359.7036071
2.1 -4.6 358.9972289
2.1 -4.5 358.278427
2.1 -4.4 357.5465793
2.1 -4.3 356.8010134
2.1 -4.2 356.0410016
2.1 -4.1 355.2657539
2.1 -4 354.4744114
2.1 -3.9 353.6660375
2.1 -3.8 352.8396085
2.1 -3.7 351.9940024
2.1 -3.6 351.1279859
2.1 -3.5 350.2401993
2.1 -3.4 349.3291386
2.1 -3.3 348.3931344
2.1 -3.2 347.4303271
2.1 -3.1 346.438637
2.1 -3 345.4157284
2.1 -2.9 344.3589664
2.1 -2.8 343.2653644
2.1 -2.7 342.1315189
2.1 -2.6 340.9535304
2.1 -2.5 339.726903
2.1 -2.4 338.4464197
2.1 -2.3 337.1059829
2.1 -2.2 335.6984095
2.1 -2.1 334.215165
2.1 -2 332.6460133
2.1 -1.9 330.9785484
2.1 -1.8 329.1975598
2.1 -1.7 327.2841577
2.1 -1.6 325.2145437
2.1 -1.5 322.9582477
2.1 -1.4 320.4755443
2.1 -1.3 317.7135698
2.1 -1.2 314.6003308
2.1 -1.1 311.0351923
2.1 -1 306.8733311
2.1 -0.9 301.8996206
2.1 -0.8 295.7838904
2.1 -0.7 288.0043315
2.1 -0.6 277.7226227
2.1 -0.5 263.608342
2.1 -0.4 243.6380356
2.1 -0.3 214.5403321
2.1 -0.2 165.7091229
2.1 -0.1 37.93493687
2.1 0 -4.120729278
2.1 0.1 -24.77494522
2.1 0.2 -38.83744154
2.1 0.3 -49.56990483
2.1 0.4 -58.29527321
2.1 0.5 -65.675871
2.1 0.6 -72.09111985
2.1 0.7 -77.77894899
2.1 0.8 -82.89855997
2.1 0.9 -87.56181003
2.1 1 -91.8503477
2.1 1.1 -95.82562493
2.1 1.2 -99.53507073
2.1 1.3 -103.0160689
2.1 1.4 -106.2986158
2.1 1.5 -109.4071525
2.1 1.6 -112.36186
2.1 1.7 -115.1795986
2.1 1.8 -117.8745998
2.1 1.9 -120.4589878
2.1 2 -122.9431771
2.1 2.1 -125.3361802
2.1 2.2 -127.6458497
2.1 2.3 -129.8790691
2.1 2.4 -132.0419072
2.1 2.5 -134.1397415
2.1 2.6 -136.1773605
2.1 2.7 -138.1590462
2.1 2.8 -140.0886441
2.1 2.9 -141.9696205
2.1 3 -143.805111
2.1 3.1 -145.5979617
2.1 3.2 -147.3507638
2.1 3.3 -149.0658834
2.1 3.4 -150.7454869
2.1 3.5 -152.3915634
2.1 3.6 -154.0059433
2.1 3.7 -155.5903152
2.1 3.8 -157.1462399
2.1 3.9 -158.6751638
2.1 4 -160.1784293
2.1 4.1 -161.6572851
2.1 4.2 -163.1128946
2.1 4.3 -164.5463438
2.1 4.4 -165.958648
2.1 4.5 -167.3507582
2.1 4.6 -168.7235663
2.1 4.7 -170.0779099
2.1 4.8 -171.4145772
2.1 4.9 -172.7343106
2.1 5 -174.0378102
2.1 5.1 -175.3257374
2.1 5.2 -176.5987177
2.1 5.3 -177.8573434
2.1 5.4 -179.1021758
2.1 5.5 -180.3337478
2.1 5.6 -181.5525657
2.1 5.7 -182.7591111
2.1 5.8 -183.9538426
2.1 5.9 -185.1371977
2.1 6 -186.3095935
2.1 6.1 -187.4714288
2.1 6.2 -188.6230849
2.1 6.3 -189.7649269
2.1 6.4 -190.8973046
2.1 6.5 -192.0205536
2.1 6.6 -193.1349965
2.1 6.7 -194.240943
2.1 6.8 -195.3386916
2.1 6.9 -196.4285294
2.1 7 -197.5107338
2.1 7.1 -198.5855723
2.1 7.2 -199.6533036
2.1 7.3 -200.7141781
2.1 7.4 -201.7684383
2.1 7.5 -202.8163194
2.1 7.6 -203.8580501
2.1 7.7 -204.8938526
2.1 7.8 -205.9239433
2.1 7.9 -206.9485333
2.1 8 -207.9678287
2.2 -8 278.6224287
2.2 -7.9 278.1479373
2.2 -7.8 277.6695237
2.2 -7.7 277.1870904
2.2 -7.6 276.700536
2.2 -7.5 276.2097549
2.2 -7.4 275.714637
2.2 -7.3 275.2150676
2.2 -7.2 274.7109268
2.2 -7.1 274.2020898
2.2 -7 273.6884258
2.2 -6.9 273.1697984
2.2 -6.8 272.6460646
2.2 -6.7 272.1170749
2.2 -6.6 271.5826724
2.2 -6.5 271.0426927
2.2 -6.4 270.4969634
2.2 -6.3 269.945303
2.2 -6.2 269.387521
2.2 -6.1 268.8234168
2.2 -6 268.2527792
2.2 -5.9 267.6753853
2.2 -5.8 267.091
2.2 -5.7 266.499375
2.2 -5.6 265.9002474
2.2 -5.5 265.2933389
2.2 -5.4 264.6783547
2.2 -5.3 264.0549815
2.2 -5.2 263.4228866
2.2 -5.1 262.7817158
2.2 -5 262.1310918
2.2 -4.9 261.4706118
2.2 -4.8 260.7998453
2.2 -4.7 260.1183315
2.2 -4.6 259.4255763
2.2 -4.5 258.7210491
2.2 -4.4 258.0041789
2.2 -4.3 257.2743502
2.2 -4.2 256.5308983
2.2 -4.1 255.7731034
2.2 -4 255.0001853
2.2 -3.9 254.2112953
2.2 -3.8 253.4055088
2.2 -3.7 252.5818156
2.2 -3.6 251.7391087
2.2 -3.5 250.8761724
2.2 -3.4 249.9916667
2.2 -3.3 249.0841106
2.2 -3.2 248.1518611
2.2 -3.1 247.1930891
2.2 -3 246.2057508
2.2 -2.9 245.1875524
2.2 -2.8 244.1359084
2.2 -2.7 243.0478909
2.2 -2.6 241.9201666
2.2 -2.5 240.7489204
2.2 -2.4 239.529759
2.2 -2.3 238.2575907
2.2 -2.2 236.9264729
2.2 -2.1 235.5294155
2.2 -2 234.058128
2.2 -1.9 232.5026848
2.2 -1.8 230.851082
2.2 -1.7 229.0886368
2.2 -1.6 227.1971623
2.2 -1.5 225.153814
2.2 -1.4 222.9294422
2.2 -1.3 220.4861892
2.2 -1.2 217.7738991
2.2 -1.1 214.7246113
2.2 -1 211.2438793
2.2 -0.9 207.1966815
2.2 -0.8 202.3839247
2.2 -0.7 196.5024195
2.2 -0.6 189.0764547
2.2 -0.5 179.345122
2.2 -0.4 166.0983761
2.2 -0.3 147.4837927
2.2 -0.2 120.6030195
2.2 -0.1 77.96760938
2.2 0 -45.87811966
2.2 0.1 -98.61701355
2.2 0.2 -121.5447819
2.2 0.3 -136.5110591
2.2 0.4 -147.7486734
2.2 0.5 -156.7978577
2.2 0.6 -164.404649
2.2 0.7 -170.9874571
2.2 0.8 -176.8048308
2.2 0.9 -182.02791
2.2 1 -186.7759492
2.2 1.1 -191.135428
2.2 1.2 -195.1710895
2.2 1.3 -198.9326833
2.2 1.4 -202.4592772
2.2 1.5 -205.78212
2.2 1.6 -208.9266034
2.2 1.7 -211.9136436
2.2 1.8 -214.7606782
2.2 1.9 -217.4823987
2.2 2 -220.0913005
2.2 2.1 -222.5981005
2.2 2.2 -225.0120607
2.2 2.3 -227.3412409
2.2 2.4 -229.5926985
2.2 2.5 -231.7726491
2.2 2.6 -233.8865951
2.2 2.7 -235.9394319
2.2 2.8 -237.9355338
2.2 2.9 -239.8788259
2.2 3 -241.7728441
2.2 3.1 -243.6207846
2.2 3.2 -245.425547
2.2 3.3 -247.1897694
2.2 3.4 -248.9158598
2.2 3.5 -250.6060218
2.2 3.6 -252.2622774
2.2 3.7 -253.8864867
2.2 3.8 -255.4803648
2.2 3.9 -257.0454969
2.2 4 -258.5833506
2.2 4.1 -260.0952882
2.2 4.2 -261.5825761
2.2 4.3 -263.046394
2.2 4.4 -264.4878428
2.2 4.5 -265.9079514
2.2 4.6 -267.3076831
2.2 4.7 -268.6879413
2.2 4.8 -270.0495743
2.2 4.9 -271.3933798
2.2 5 -272.7201093
2.2 5.1 -274.0304713
2.2 5.2 -275.3251349
2.2 5.3 -276.604733
2.2 5.4 -277.8698643
2.2 5.5 -279.1210966
2.2 5.6 -280.3589688
2.2 5.7 -281.5839924
2.2 5.8 -282.7966546
2.2 5.9 -283.9974187
2.2 6 -285.1867266
2.2 6.1 -286.3650001
2.2 6.2 -287.532642
2.2 6.3 -288.6900376
2.2 6.4 -289.8375556
2.2 6.5 -290.9755495
2.2 6.6 -292.1043583
2.2 6.7 -293.2243078
2.2 6.8 -294.335711
2.2 6.9 -295.4388692
2.2 7 -296.5340727
2.2 7.1 -297.6216015
2.2 7.2 -298.701726
2.2 7.3 -299.7747076
2.2 7.4 -300.8407992
2.2 7.5 -301.900246
2.2 7.6 -302.9532859
2.2 7.7 -304.0001498
2.2 7.8 -305.0410625
2.2 7.9 -306.0762431
2.2 8 -307.105905
2.3 -8 178.6326276
2.3 -7.9 178.1584375
2.3 -7.8 177.6803321
2.3 -7.7 177.1982143
2.3 -7.6 176.711983
2.3 -7.5 176.2215329
2.3 -7.4 175.7267542
2.3 -7.3 175.2275326
2.3 -7.2 174.7237486
2.3 -7.1 174.2152778
2.3 -7 173.7019898
2.3 -6.9 173.1837485
2.3 -6.8 172.6604116
2.3 -6.7 172.13183
2.3 -6.6 171.5978474
2.3 -6.5 171.0583
2.3 -6.4 170.5130158
2.3 -6.3 169.9618142
2.3 -6.2 169.4045054
2.3 -6.1 168.8408894
2.3 -6 168.2707559
2.3 -5.9 167.693883
2.3 -5.8 167.1100364
2.3 -5.7 166.5189687
2.3 -5.6 165.9204183
2.3 -5.5 165.3141081
2.3 -5.4 164.6997444
2.3 -5.3 164.0770154
2.3 -5.2 163.4455899
2.3 -5.1 162.8051155
2.3 -5 162.1552163
2.3 -4.9 161.4954918
2.3 -4.8 160.8255135
2.3 -4.7 160.1448229
2.3 -4.6 159.4529286
2.3 -4.5 158.7493028
2.3 -4.4 158.0333776
2.3 -4.3 157.3045409
2.3 -4.2 156.5621319
2.3 -4.1 155.8054351
2.3 -4 155.0336751
2.3 -3.9 154.2460084
2.3 -3.8 153.4415165
2.3 -3.7 152.6191958
2.3 -3.6 151.7779471
2.3 -3.5 150.9165631
2.3 -3.4 150.0337139
2.3 -3.3 149.1279295
2.3 -3.2 148.1975798
2.3 -3.1 147.2408507
2.3 -3 146.2557155
2.3 -2.9 145.2399005
2.3 -2.8 144.1908439
2.3 -2.7 143.1056453
2.3 -2.6 141.9810046
2.3 -2.5 140.8131458
2.3 -2.4 139.5977231
2.3 -2.3 138.3297025
2.3 -2.2 137.0032116
2.3 -2.1 135.6113478
2.3 -2 134.1459292
2.3 -1.9 132.5971684
2.3 -1.8 130.9532378
2.3 -1.7 129.1996835
2.3 -1.6 127.3186212
2.3 -1.5 125.2876117
2.3 -1.4 123.0780594
2.3 -1.3 120.6528809
2.3 -1.2 117.9630263
2.3 -1.1 114.9421585
2.3 -1 111.4982802
2.3 -0.9 107.5001799
2.3 -0.8 102.7548736
2.3 -0.7 96.96923382
2.3 -0.6 89.68435601
2.3 -0.5 80.16694678
2.3 -0.4 67.24912911
2.3 -0.3 49.13725544
2.3 -0.2 23.0542699
2.3 -0.1 -17.68369652
2.3 0 -137.2001773
2.3 0.1 -196.2151308
2.3 0.2 -220.1519509
2.3 0.3 -235.5197967
2.3 0.4 -246.9754716
2.3 0.5 -256.1617063
2.3 0.6 -263.8627691
2.3 0.7 -270.514497
2.3 0.8 -276.384517
2.3 0.9 -281.6491659
2.3 1 -286.4308899
2.3 1.1 -290.8182384
2.3 1.2 -294.8773559
2.3 1.3 -298.6589756
2.3 1.4 -302.202876
2.3 1.5 -305.5408321
2.3 1.6 -308.6986339
2.3 1.7 -311.6975051
2.3 1.8 -314.5551236
2.3 1.9 -317.2863722
2.3 2 -319.9039001
2.3 2.1 -322.4185496
2.3 2.2 -324.8396856
2.3 2.3 -327.1754534
2.3 2.4 -329.432982
2.3 2.5 -331.6185473
2.3 2.6 -333.737703
2.3 2.7 -335.7953883
2.3 2.8 -337.7960152
2.3 2.9 -339.7435415
2.3 3 -341.6415312
2.3 3.1 -343.4932054
2.3 3.2 -345.3014854
2.3 3.3 -347.0690284
2.3 3.4 -348.7982593
2.3 3.5 -350.4913968
2.3 3.6 -352.1504761
2.3 3.7 -353.7773695
2.3 3.8 -355.3738027
2.3 3.9 -356.9413704
2.3 4 -358.4815491
2.3 4.1 -359.9957088
2.3 4.2 -361.4851232
2.3 4.3 -362.9509784
2.3 4.4 -364.3943811
2.3 4.5 -365.8163657
2.3 4.6 -367.2179003
2.3 4.7 -368.5998928
2.3 4.8 -369.9631957
2.3 4.9 -371.3086106
2.3 5 -372.6368923
2.3 5.1 -373.9487527
2.3 5.2 -375.2448638
2.3 5.3 -376.5258612
2.3 5.4 -377.7923463
2.3 5.5 -379.0448893
2.3 5.6 -380.284031
2.3 5.7 -381.5102854
2.3 5.8 -382.7241413
2.3 5.9 -383.9260639
2.3 6 -385.1164968
2.3 6.1 -386.2958633
2.3 6.2 -387.4645677
2.3 6.3 -388.6229966
2.3 6.4 -389.77152
2.3 6.5 -390.9104928
2.3 6.6 -392.0402549
2.3 6.7 -393.1611333
2.3 6.8 -394.2734419
2.3 6.9 -395.3774829
2.3 7 -396.4735477
2.3 7.1 -397.561917
2.3 7.2 -398.6428621
2.3 7.3 -399.716645
2.3 7.4 -400.7835194
2.3 7.5 -401.8437311
2.3 7.6 -402.8975186
2.3 7.7 -403.9451136
2.3 7.8 -404.9867414
2.3 7.9 -406.0226214
2.3 8 -407.0529677
2.4 -8 78.63318511
2.4 -7.9 78.15901146
2.4 -7.8 77.68092293
2.4 -7.7 77.1988224
2.4 -7.6 76.71260875
2.4 -7.5 76.22217671
2.4 -7.4 75.72741657
2.4 -7.3 75.22821395
2.4 -7.2 74.72444951
2.4 -7.1 74.21599864
2.4 -7 73.70273118
2.4 -6.9 73.18451104
2.4 -6.8 72.66119584
2.4 -6.7 72.13263651
2.4 -6.6 71.59867684
2.4 -6.5 71.05915303
2.4 -6.4 70.51389317
2.4 -6.3 69.96271666
2.4 -6.2 69.40543368
2.4 -6.1 68.84184442
2.4 -6 68.27173847
2.4 -5.9 67.69489398
2.4 -5.8 67.1110768
2.4 -5.7 66.52003959
2.4 -5.6 65.92152072
2.4 -5.5 65.31524319
2.4 -5.4 64.70091336
2.4 -5.3 64.07821959
2.4 -5.2 63.44683068
2.4 -5.1 62.80639421
2.4 -5 62.15653468
2.4 -4.9 61.49685138
2.4 -4.8 60.8269161
2.4 -4.7 60.14627051
2.4 -4.6 59.45442324
2.4 -4.5 58.75084663
2.4 -4.4 58.034973
2.4 -4.3 57.30619051
2.4 -4.2 56.56383839
2.4 -4.1 55.80720163
2.4 -4 55.03550475
2.4 -3.9 54.24790489
2.4 -3.8 53.44348365
2.4 -3.7 52.62123784
2.4 -3.6 51.78006872
2.4 -3.5 50.91876948
2.4 -3.4 50.03601062
2.4 -3.3 49.13032283
2.4 -3.2 48.20007677
2.4 -3.1 47.24345914
2.4 -3 46.25844411
2.4 -2.9 45.24275912
2.4 -2.8 44.19384357
2.4 -2.7 43.10879866
2.4 -2.6 41.98432598
2.4 -2.5 40.81665179
2.4 -2.4 39.60143285
2.4 -2.3 38.33363817
2.4 -2.2 37.00739926
2.4 -2.1 35.61581822
2.4 -2 34.15071913
2.4 -1.9 32.60232192
2.4 -1.8 30.95880861
2.4 -1.7 29.20573784
2.4 -1.6 27.32524143
2.4 -1.5 25.29490211
2.4 -1.4 23.08615443
2.4 -1.3 20.66195646
2.4 -1.2 17.97331819
2.4 -1.1 14.95398964
2.4 -1 11.51210531
2.4 -0.9 7.516658301
2.4 -0.8 2.774992206
2.4 -0.7 -3.005481554
2.4 -0.6 -10.28276741
2.4 -0.5 -19.78867768
2.4 -0.4 -32.68881818
2.4 -0.3 -50.77366919
2.4 -0.2 -76.81398381
2.4 -0.1 -117.544018
2.4 0 -236.6772837
2.4 0.1 -296.079796
2.4 0.2 -320.0745207
2.4 0.3 -335.464986
2.4 0.4 -346.9328495
2.4 0.5 -356.12671
2.4 0.6 -363.8330029
2.4 0.7 -370.4885466
2.4 0.8 -376.3614771
2.4 0.9 -381.6284215
2.4 1 -386.4120039
2.4 1.1 -390.8008888
2.4 1.2 -394.8612987
2.4 1.3 -398.6440212
2.4 1.4 -402.1888742
2.4 1.5 -405.527662
2.4 1.6 -408.6861965
2.4 1.7 -411.6857183
2.4 1.8 -414.5439187
2.4 1.9 -417.2756912
2.4 2 -419.8936932
2.4 2.1 -422.408774
2.4 2.2 -424.8303043
2.4 2.3 -427.166434
2.4 2.4 -429.4242962
2.4 2.5 -431.6101698
2.4 2.6 -433.7296117
2.4 2.7 -435.7875633
2.4 2.8 -437.7884387
2.4 2.9 -439.7361975
2.4 3 -441.6344052
2.4 3.1 -443.4862845
2.4 3.2 -445.2947575
2.4 3.3 -447.0624829
2.4 3.4 -448.7918862
2.4 3.5 -450.4851869
2.4 3.6 -452.1444213
2.4 3.7 -453.7714619
2.4 3.8 -455.3680353
2.4 3.9 -456.9357367
2.4 4 -458.476043
2.4 4.1 -459.9903247
2.4 4.2 -461.4798558
2.4 4.3 -462.9458227
2.4 4.4 -464.3893326
2.4 4.5 -465.8114201
2.4 4.6 -467.2130536
2.4 4.7 -468.5951413
2.4 4.8 -469.9585358
2.4 4.9 -471.304039
2.4 5 -472.6324058
2.4 5.1 -473.9443483
2.4 5.2 -475.2405389
2.4 5.3 -476.521613
2.4 5.4 -477.7881723
2.4 5.5 -479.0407872
2.4 5.6 -480.2799985
2.4 5.7 -481.5063204
2.4 5.8 -482.7202417
2.4 5.9 -483.9222278
2.4 6 -485.1127224
2.4 6.1 -486.2921488
2.4 6.2 -487.4609114
2.4 6.3 -488.6193969
2.4 6.4 -489.7679754
2.4 6.5 -490.9070018
2.4 6.6 -492.0368162
2.4 6.7 -493.1577454
2.4 6.8 -494.2701036
2.4 6.9 -495.374193
2.4 7 -496.470305
2.4 7.1 -497.5587203
2.4 7.2 -498.6397103
2.4 7.3 -499.713537
2.4 7.4 -500.7804543
2.4 7.5 -501.8407079
2.4 7.6 -502.8945363
2.4 7.7 -503.9421713
2.4 7.8 -504.9838382
2.4 7.9 -506.0197565
2.4 8 -507.0501402
2.5 -8 -21.36678589
2.5 -7.9 -21.84095869
2.5 -7.8 -22.31904634
2.5 -7.7 -22.80114598
2.5 -7.6 -23.28735871
2.5 -7.5 -23.77778981
2.5 -7.4 -24.27254898
2.5 -7.3 -24.77175061
2.5 -7.2 -25.27551404
2.5 -7.1 -25.78396387
2.5 -7 -26.29723026
2.5 -6.9 -26.8154493
2.5 -6.8 -27.33876337
2.5 -6.7 -27.86732154
2.5 -6.6 -28.40128002
2.5 -6.5 -28.9408026
2.5 -6.4 -29.4860612
2.5 -6.3 -30.0372364
2.5 -6.2 -30.59451804
2.5 -6.1 -31.15810591
2.5 -6 -31.72821043
2.5 -5.9 -32.30505344
2.5 -5.8 -32.88886909
2.5 -5.7 -33.47990472
2.5 -5.6 -34.07842195
2.5 -5.5 -34.68469778
2.5 -5.4 -35.29902584
2.5 -5.3 -35.92171779
2.5 -5.2 -36.5531048
2.5 -5.1 -37.19353928
2.5 -5 -37.84339675
2.5 -4.9 -38.50307791
2.5 -4.8 -39.17301095
2.5 -4.7 -39.85365421
2.5 -4.6 -40.54549903
2.5 -4.5 -41.24907308
2.5 -4.4 -41.96494403
2.5 -4.3 -42.6937237
2.5 -4.2 -43.43607286
2.5 -4.1 -44.1927065
2.5 -4 -44.96440009
2.5 -3.9 -45.75199648
2.5 -3.8 -46.55641405
2.5 -3.7 -47.37865596
2.5 -3.6 -48.21982094
2.5 -3.5 -49.08111578
2.5 -3.4 -49.96386993
2.5 -3.3 -50.8695527
2.5 -3.2 -51.79979337
2.5 -3.1 -52.7564052
2.5 -3 -53.74141399
2.5 -2.9 -54.75709222
2.5 -2.8 -55.80600043
2.5 -2.7 -56.89103735
2.5 -2.6 -58.01550129
2.5 -2.5 -59.18316588
2.5 -2.4 -60.39837423
2.5 -2.3 -61.66615716
2.5 -2.2 -62.99238297
2.5 -2.1 -64.38394931
2.5 -2 -65.84903179
2.5 -1.9 -67.39741009
2.5 -1.8 -69.04090169
2.5 -1.7 -70.79394733
2.5 -1.6 -72.67441432
2.5 -1.5 -74.70471879
2.5 -1.4 -76.91342464
2.5 -1.3 -79.33757163
2.5 -1.2 -82.02614668
2.5 -1.1 -85.04539521
2.5 -1 -88.4871759
2.5 -0.9 -92.48248499
2.5 -0.8 -97.2239619
2.5 -0.7 -103.0041672
2.5 -0.6 -110.2810585
2.5 -0.5 -119.7863713
2.5 -0.4 -132.6855933
2.5 -0.3 -150.7690402
2.5 -0.2 -176.8071381
2.5 -0.1 -217.5320242
2.5 0 -336.6499364
2.5 0.1 -396.0727465
2.5 0.2 -420.0704909
2.5 0.3 -435.4621347
2.5 0.4 -446.9306328
2.5 0.5 -456.1248904
2.5 0.6 -463.8314555
2.5 0.7 -470.4871979
2.5 0.8 -476.3602798
2.5 0.9 -481.6273437
2.5 1 -486.4110228
2.5 1.1 -490.7999876
2.5 1.2 -494.8604648
2.5 1.3 -498.6432447
2.5 1.4 -502.1881473
2.5 1.5 -505.5269783
2.5 1.6 -508.685551
2.5 1.7 -511.6851067
2.5 1.8 -514.5433374
2.5 1.9 -517.2751371
2.5 2 -519.8931638
2.5 2.1 -522.408267
2.5 2.2 -524.8298179
2.5 2.3 -527.1659664
2.5 2.4 -529.4238459
2.5 2.5 -531.6097356
2.5 2.6 -533.7291924
2.5 2.7 -535.7871578
2.5 2.8 -537.7880462
2.5 2.9 -539.735817
2.5 3 -541.6340361
2.5 3.1 -543.485926
2.5 3.2 -545.2944091
2.5 3.3 -547.062144
2.5 3.4 -548.7915562
2.5 3.5 -550.4848655
2.5 3.6 -552.1441079
2.5 3.7 -553.7711562
2.5 3.8 -555.367737
2.5 3.9 -556.9354453
2.5 4 -558.4757582
2.5 4.1 -559.9900462
2.5 4.2 -561.4795834
2.5 4.3 -562.9455562
2.5 4.4 -564.3890717
2.5 4.5 -565.8111645
2.5 4.6 -567.2128032
2.5 4.7 -568.5948958
2.5 4.8 -569.9582951
2.5 4.9 -571.3038028
2.5 5 -572.6321741
2.5 5.1 -573.9441209
2.5 5.2 -575.2403156
2.5 5.3 -576.5213937
2.5 5.4 -577.7879569
2.5 5.5 -579.0405754
2.5 5.6 -580.2797904
2.5 5.7 -581.5061158
2.5 5.8 -582.7200405
2.5 5.9 -583.9220299
2.5 6 -585.1125277
2.5 6.1 -586.2919572
2.5 6.2 -587.4607229
2.5 6.3 -588.6192113
2.5 6.4 -589.7677927
2.5 6.5 -590.9068219
2.5 6.6 -592.036639
2.5 6.7 -593.1575708
2.5 6.8 -594.2699316
2.5 6.9 -595.3740236
2.5 7 -596.470138
2.5 7.1 -597.5585557
2.5 7.2 -598.639548
2.5 7.3 -599.713377
2.5 7.4 -600.7802965
2.5 7.5 -601.8405523
2.5 7.6 -602.8943829
2.5 7.7 -603.94202
2.5 7.8 -604.9836889
2.5 7.9 -606.0196091
2.5 8 -607.0499948
