# x y  (written by maestro2tex)
0.001 -0.0004441813356
0.001258925412 -0.0005591911708
0.001584893192 -0.000703979975
0.001995262315 -0.0008862582799
0.002511886432 -0.00111573307
0.00316227766 -0.001404624714
0.003981071706 -0.001768317747
0.005011872336 -0.002226180147
0.006309573445 -0.002802594758
0.007943282347 -0.003528257758
0.01 -0.004441813347
0.01258925412 -0.005591911691
0.01584893192 -0.007039799715
0.01995262315 -0.008862582729
0.02511886432 -0.01115733056
0.0316227766 -0.01404624687
0.03981071706 -0.01768317691
0.05011872336 -0.02226180036
0.06309573445 -0.02802594536
0.07943282347 -0.03528257316
0.1 -0.04441812466
0.1258925412 -0.05591909933
0.1584893192 -0.07039796208
0.1995262315 -0.08862575732
0.2511886432 -0.111573166
0.316227766 -0.1404621901
0.3981071706 -0.1768312133
0.5011872336 -0.2226168947
0.6309573445 -0.2802572411
0.7943282347 -0.352821317
1 -0.4441724385
1.258925412 -0.5591734192
1.584893192 -0.7039445569
1.995262315 -0.8861876153
2.511886432 -1.115592087
3.16227766 -1.404343455
3.981071706 -1.767756678
5.011872336 -2.225061042
6.309573445 -2.800363029
7.943282347 -3.523808602
10 -4.432947872
12.58925412 -5.57425977
15.84893192 -7.004695846
19.95262315 -8.792905502
25.11886432 -11.01943972
31.6227766 -13.77461479
39.81071706 -17.15183683
50.11872336 -21.23333765
63.09573445 -26.06554741
79.43282347 -31.62501433
100 -37.7850083
125.8925412 -44.30437722
158.4893192 -50.86004102
199.5262315 -57.12009692
251.1886432 -62.82170769
316.227766 -67.81366364
398.1071706 -72.05313044
501.1872336 -75.57487002
630.9573445 -78.45605503
794.3282347 -80.78934501
1000 -82.66661678
1258.925412 -84.17095896
1584.893192 -85.37380782
1995.262315 -86.33480192
2511.886432 -87.10287965
3162.27766 -87.71781591
3981.071706 -88.21178989
5011.872336 -88.61082267
6309.573445 -88.9360207
7943.282347 -89.2046302
10000 -89.43091938
12589.25412 -89.6269207
15848.93192 -89.80306251
19952.62315 -89.96871956
25118.86432 -90.1327099
31622.7766 -90.30376224
39810.71706 -90.49097874
50118.72336 -90.70431629
63095.73445 -90.95511025
79432.82347 -91.2566654
100000 -91.62493934
125892.5412 -92.07934228
158489.3192 -92.64367174
199526.2315 -93.34718426
251188.6432 -94.22576906
316227.766 -95.32311034
398107.1706 -96.6915724
501187.2336 -98.3922637
630957.3445 -100.4932653
794328.2347 -103.0642729
1000000 -106.1648424
1258925.412 -109.8220134
1584893.192 -113.9911612
1995262.315 -118.4905925
2511886.432 -122.8950126
3162277.66 -126.3840762
3981071.706 -127.6664886
5011872.336 -125.4918739
6309573.445 -120.3231557
7943282.347 -115.1774497
10000000 -112.7830479
12589254.12 -113.5448091
15848931.92 -116.7466673
19952623.15 -121.6823005
25118864.32 -127.8592955
31622776.6 -134.8977861
39810717.06 -142.4455431
50118723.36 -150.1721303
63095734.45 -157.8140071
79432823.47 -165.2201147
100000000 -172.3643982
125892541.2 -179.3214121
158489319.2 -186.218417
199526231.5 -193.1777512
251188643.2 -200.2577235
316227766 -207.4002015
398107170.6 -214.3984504
501187233.6 -220.8896106
630957344.5 -226.2896255
794328234.7 -228.7678999
1000000000 -80.14140495
