# x y  (written by maestro2tex)
0 991.8087572
0.00625 985.5650765
0.0125 979.3219051
0.01875 973.0792906
0.025 966.8372848
0.03125 960.5959443
0.0375 954.3553312
0.04375 948.1155126
0.05 941.8765617
0.05625 935.6385581
0.0625 929.4015874
0.06875 923.1657418
0.075 916.9311198
0.08125 910.6978249
0.0875 904.4659642
0.09375 898.2356446
0.1 892.0069675
0.10625 885.7800196
0.1125 879.5548606
0.11875 873.3315089
0.125 867.1099274
0.13125 860.8900162
0.1375 854.6716171
0.14375 848.4545317
0.15 842.2385473
0.15625 836.0234611
0.1625 829.809097
0.16875 823.5953119
0.175 817.3819951
0.18125 811.1690631
0.1875 804.9564545
0.19375 798.7441244
0.2 792.5320399
0.20625 786.3201773
0.2125 780.1085191
0.21875 773.8970528
0.225 767.6857691
0.23125 761.4746613
0.2375 755.2637246
0.24375 749.0529556
0.25 742.842352
0.25625 736.6319123
0.2625 730.4216356
0.26875 724.2115216
0.275 718.0015704
0.28125 711.7917822
0.2875 705.5821578
0.29375 699.3726979
0.3 693.1634035
0.30625 686.9542759
0.3125 680.7453163
0.31875 674.5365262
0.325 668.3279071
0.33125 662.1194605
0.3375 655.9111882
0.34375 649.703092
0.35 643.4951737
0.35625 637.2874352
0.3625 631.0798786
0.36875 624.872506
0.375 618.6653194
0.38125 612.4583213
0.3875 606.2515139
0.39375 600.0448997
0.4 593.8384812
0.40625 587.6322612
0.4125 581.4262425
0.41875 575.220428
0.425 569.014821
0.43125 562.8094248
0.4375 556.604243
0.44375 550.3992796
0.45 544.1945387
0.45625 537.990025
0.4625 531.7857435
0.46875 525.5816997
0.475 519.3778999
0.48125 513.1743508
0.4875 506.9710602
0.49375 500.7680368
0.5 494.5652905
0.50625 488.3628325
0.5125 482.1606759
0.51875 475.9588356
0.525 469.7573287
0.53125 463.5561754
0.5375 457.3553989
0.54375 451.1550266
0.55 444.9550903
0.55625 438.7556274
0.5625 432.5566819
0.56875 426.3583057
0.575 420.1605597
0.58125 413.9635161
0.5875 407.76726
0.59375 401.5718922
0.6 395.3775319
0.60625 389.1843208
0.6125 382.9924266
0.61875 376.8020489
0.625 370.6134245
0.63125 364.426835
0.6375 358.2426149
0.64375 352.0611613
0.65 345.8829451
0.65625 339.7085235
0.6625 333.5385522
0.66875 327.3737987
0.675 321.21516
0.68125 315.0636861
0.6875 308.9206046
0.69375 302.7873441
0.7 296.6655556
0.70625 290.5571363
0.7125 284.4642618
0.71875 278.3894208
0.725 272.335444
0.73125 266.3055307
0.7375 260.3032694
0.74375 254.3326529
0.75 248.3980842
0.75625 242.5043712
0.7625 236.6567067
0.76875 230.8606325
0.775 225.1219847
0.78125 219.4468206
0.7875 213.8413275
0.79375 208.3117157
0.8 202.8640988
0.80625 197.504368
0.8125 192.2380653
0.81875 187.0702632
0.825 182.0054575
0.83125 177.0474788
0.8375 172.199427
0.84375 167.4636315
0.85 162.841638
0.85625 158.3342192
0.8625 153.941408
0.86875 149.6625489
0.875 145.4963618
0.88125 141.4410161
0.8875 137.4942081
0.89375 133.6532397
0.9 129.9150952
0.90625 126.2765126
0.9125 122.7340501
0.91875 119.2841442
0.925 115.9231615
0.93125 112.6474422
0.9375 109.4533374
0.94375 106.3372388
0.95 103.2956032
0.95625 100.3249713
0.9625 97.42198208
0.96875 94.5833833
0.975 91.80603838
0.98125 89.08693089
0.9875 86.42316658
0.99375 83.81197367
1 81.2507017
1.00625 78.73681921
1.0125 76.26791069
1.01875 73.84167271
1.025 71.45590981
1.03125 69.10852995
1.0375 66.79753981
1.04375 64.52104003
1.05 62.27722044
1.05625 60.06435528
1.0625 57.88079856
1.06875 55.72497953
1.075 53.59539827
1.08125 51.49062148
1.0875 49.40927838
1.09375 47.35005681
1.1 45.31169953
1.10625 43.29300065
1.1125 41.29280225
1.11875 39.30999114
1.125 37.34349582
1.13125 35.39228352
1.1375 33.45535749
1.14375 31.53175429
1.15 29.62054131
1.15625 27.72081436
1.1625 25.83169538
1.16875 23.95233027
1.175 22.08188675
1.18125 20.2195524
1.1875 18.3645327
1.19375 16.51604918
1.2 14.6733376
1.20625 12.83564626
1.2125 11.00223425
1.21875 9.172369843
1.225 7.345328873
1.23125 5.520393144
1.2375 3.696848883
1.24375 1.873985196
1.25 0.05109253901
1.25625 -1.772538807
1.2625 -3.597620262
1.26875 -5.424866485
1.275 -7.254996915
1.28125 -9.088737349
1.2875 -10.92682153
1.29375 -12.7699928
1.3 -14.61900572
1.30625 -16.47462786
1.3125 -18.33764151
1.31875 -20.20884554
1.325 -22.08905734
1.33125 -23.97911473
1.3375 -25.87987808
1.34375 -27.79223246
1.35 -29.7170899
1.35625 -31.65539177
1.3625 -33.60811124
1.36875 -35.57625595
1.375 -37.56087074
1.38125 -39.56304054
1.3875 -41.58389345
1.39375 -43.62460394
1.4 -45.68639628
1.40625 -47.77054803
1.4125 -49.87839389
1.41875 -52.01132955
1.425 -54.17081588
1.43125 -56.35838323
1.4375 -58.57563592
1.44375 -60.82425693
1.45 -63.10601274
1.45625 -65.4227583
1.4625 -67.77644211
1.46875 -70.16911136
1.475 -72.60291706
1.48125 -75.08011908
1.4875 -77.60309106
1.49375 -80.17432497
1.5 -82.7964352
1.50625 -85.47216202
1.5125 -88.20437414
1.51875 -90.99607008
1.525 -93.85037802
1.53125 -96.77055367
1.5375 -99.75997582
1.54375 -102.8221388
1.55 -105.9606416
1.55625 -109.1791724
1.5625 -112.4814884
1.56875 -115.8713897
1.575 -119.352687
1.58125 -122.9291615
1.5875 -126.6045181
1.59375 -130.3823291
1.6 -134.2659711
1.60625 -138.2585537
1.6125 -142.3628418
1.61875 -146.5811734
1.625 -150.9153746
1.63125 -155.3666773
1.6375 -159.9356411
1.64375 -164.6220865
1.65 -169.4250431
1.65625 -174.3427189
1.6625 -179.3724935
1.66875 -184.510939
1.675 -189.7538694
1.68125 -195.0964174
1.6875 -200.5331355
1.69375 -206.0581156
1.7 -211.6651209
1.70625 -217.3477224
1.7125 -223.0994327
1.71875 -228.9138297
1.725 -234.7846667
1.73125 -240.7059625
1.7375 -246.672073
1.74375 -252.6777411
1.75 -258.7181282
1.75625 -264.7888287
1.7625 -270.8858695
1.76875 -277.0056988
1.775 -283.1451663
1.78125 -289.3014968
1.7875 -295.472261
1.79375 -301.6553445
1.8 -307.8489156
1.80625 -314.0513955
1.8125 -320.2614286
1.81875 -326.4778555
1.825 -332.6996867
1.83125 -338.9260767
1.8375 -345.1563028
1.84375 -351.3897497
1.85 -357.625897
1.85625 -363.8643065
1.8625 -370.10461
1.86875 -376.3464987
1.875 -382.589714
1.88125 -388.8340394
1.8875 -395.0792937
1.89375 -401.3253253
1.9 -407.5720075
1.90625 -413.819234
1.9125 -420.066916
1.91875 -426.3149791
1.925 -432.563361
1.93125 -438.8120095
1.9375 -445.060881
1.94375 -451.3099388
1.95 -457.5591524
1.95625 -463.8084962
1.9625 -470.0579488
1.96875 -476.3074922
1.975 -482.5571116
1.98125 -488.8067943
1.9875 -495.0565298
1.99375 -501.3063095
2 -507.556126
2.00625 -513.8059732
2.0125 -520.055846
2.01875 -526.3057401
2.025 -532.555652
2.03125 -538.8055786
2.0375 -545.0555176
2.04375 -551.3054668
2.05 -557.5554245
2.05625 -563.8053894
2.0625 -570.0553601
2.06875 -576.3053358
2.075 -582.5553155
2.08125 -588.8052987
2.0875 -595.0552847
2.09375 -601.305273
2.1 -607.5552633
2.10625 -613.8052553
2.1125 -620.0552486
2.11875 -626.305243
2.125 -632.5552384
2.13125 -638.8052345
2.1375 -645.0552313
2.14375 -651.3052286
2.15 -657.5552264
2.15625 -663.8052245
2.1625 -670.055223
2.16875 -676.3052217
2.175 -682.5552207
2.18125 -688.8052198
2.1875 -695.055219
2.19375 -701.3052184
2.2 -707.5552179
2.20625 -713.8052175
2.2125 -720.0552171
2.21875 -726.3052169
2.225 -732.5552166
2.23125 -738.8052164
2.2375 -745.0552162
2.24375 -751.3052161
2.25 -757.555216
2.25625 -763.8052159
2.2625 -770.0552158
2.26875 -776.3052157
2.275 -782.5552157
2.28125 -788.8052156
2.2875 -795.0552156
2.29375 -801.3052156
2.3 -807.5552155
2.30625 -813.8052155
2.3125 -820.0552155
2.31875 -826.3052155
2.325 -832.5552155
2.33125 -838.8052155
2.3375 -845.0552155
2.34375 -851.3052154
2.35 -857.5552154
2.35625 -863.8052154
2.3625 -870.0552154
2.36875 -876.3052154
2.375 -882.5552154
2.38125 -888.8052154
2.3875 -895.0552154
2.39375 -901.3052154
2.4 -907.5552154
2.40625 -913.8052154
2.4125 -920.0552154
2.41875 -926.3052154
2.425 -932.5552154
2.43125 -938.8052154
2.4375 -945.0552154
2.44375 -951.3052154
2.45 -957.5552154
2.45625 -963.8052154
2.4625 -970.0552154
2.46875 -976.3052154
2.475 -982.5552154
2.48125 -988.8052154
2.4875 -995.0552154
2.49375 -1001.305215
2.5 -1007.555215
