# x y  (written by maestro2tex)
0 65.96648181
0.00625 59.82000833
0.0125 53.69924363
0.01875 47.61925803
0.025 41.61484054
0.03125 35.80089259
0.0375 30.80821438
0.04375 27.41872968
0.05 24.71132288
0.05625 22.38873055
0.0625 20.36338315
0.06875 18.58400007
0.075 17.01222182
0.08125 15.61571143
0.0875 14.36612892
0.09375 13.23884077
0.1 12.21303534
0.10625 11.27173579
0.1125 10.40159467
0.11875 9.59250122
0.125 8.837057469
0.13125 8.129971975
0.1375 7.467427693
0.14375 6.846500113
0.15 6.264703575
0.15625 5.719719034
0.1625 5.209303702
0.16875 4.731320233
0.175 4.283831388
0.18125 3.865216936
0.1875 3.474238846
0.19375 3.11003979
0.2 2.772094779
0.20625 2.460129632
0.2125 2.174019599
0.21875 1.913684557
0.225 1.67899788
0.23125 1.469721519
0.2375 1.28546918
0.24375 1.125684773
0.25 0.9896089496
0.25625 0.8762006508
0.2625 0.7839978314
0.26875 0.710959533
0.275 0.6544135556
0.28125 0.6112426717
0.2875 0.5782882539
0.29375 0.5527622129
0.3 0.5324693578
0.30625 0.5158163275
0.3125 0.5017021279
0.31875 0.4893836769
0.325 0.4783622284
0.33125 0.4683010521
0.3375 0.4589699178
0.34375 0.4502088361
0.35 0.4419046186
0.35625 0.4339756933
0.3625 0.4263621823
0.36875 0.4190193352
0.375 0.4119131215
0.38125 0.4050172263
0.3875 0.3983109726
0.39375 0.391777861
0.4 0.3854045311
0.40625 0.3791800102
0.4125 0.3730951643
0.41875 0.3671422916
0.425 0.3613148174
0.43125 0.3556070634
0.4375 0.3500140713
0.44375 0.3445314658
0.45 0.3391553482
0.45625 0.333882213
0.4625 0.3287088808
0.46875 0.3236324455
0.475 0.3186502316
0.48125 0.3137597591
0.4875 0.3089587155
0.49375 0.3042449324
0.5 0.2996163662
0.50625 0.2950710823
0.5125 0.2906072416
0.51875 0.2862230894
0.525 0.2819169459
0.53125 0.2776871983
0.5375 0.2735322936
0.54375 0.2694507334
0.55 0.2654410684
0.55625 0.2615018943
0.5625 0.257631848
0.56875 0.2538296046
0.575 0.2500938741
0.58125 0.2464233996
0.5875 0.2428169544
0.59375 0.2392733409
0.6 0.2357913882
0.60625 0.2323699512
0.6125 0.2290079089
0.61875 0.2257041634
0.625 0.2224576389
0.63125 0.2192672805
0.6375 0.2161320539
0.64375 0.2130509439
0.65 0.2100229544
0.65625 0.2070471074
0.6625 0.2041224426
0.66875 0.2012480165
0.675 0.1984229025
0.68125 0.1956461903
0.6875 0.1929169851
0.69375 0.1902344076
0.7 0.1875975936
0.70625 0.1850056937
0.7125 0.1824578728
0.71875 0.17995331
0.725 0.1774911984
0.73125 0.1750707445
0.7375 0.1726911683
0.74375 0.1703517029
0.75 0.1680515944
0.75625 0.1657901015
0.7625 0.1635664955
0.76875 0.16138006
0.775 0.1592300905
0.78125 0.1571158948
0.7875 0.1550367921
0.79375 0.1529921135
0.8 0.1509812011
0.80625 0.1490034086
0.8125 0.1470581006
0.81875 0.1451446527
0.825 0.143262451
0.83125 0.1414108925
0.8375 0.1395893845
0.84375 0.1377973447
0.85 0.1360342006
0.85625 0.1342993901
0.8625 0.1325923608
0.86875 0.1309125699
0.875 0.1292594843
0.88125 0.1276325803
0.8875 0.1260313434
0.89375 0.1244552683
0.9 0.1229038587
0.90625 0.1213766272
0.9125 0.1198730951
0.91875 0.1183927923
0.925 0.1169352573
0.93125 0.1155000368
0.9375 0.1140866857
0.94375 0.1126947671
0.95 0.111323852
0.95625 0.1099735193
0.9625 0.1086433555
0.96875 0.1073329548
0.975 0.1060419189
0.98125 0.1047698566
0.9875 0.1035163842
0.99375 0.102281125
1 0.1010637094
1.00625 0.09986377445
1.0125 0.09868096417
1.01875 0.09751492914
1.025 0.09636532653
1.03125 0.09523181989
1.0375 0.09411407911
1.04375 0.09301178029
1.05 0.09192460563
1.05625 0.09085224333
1.0625 0.0897943875
1.06875 0.088750738
1.075 0.0877210004
1.08125 0.08670488587
1.0875 0.08570211106
1.09375 0.084712398
1.1 0.08373547401
1.10625 0.08277107164
1.1125 0.08181892851
1.11875 0.08087878726
1.125 0.07995039545
1.13125 0.07903350549
1.1375 0.07812787449
1.14375 0.07723326425
1.15 0.07634944113
1.15625 0.07547617594
1.1625 0.07461324394
1.16875 0.07376042466
1.175 0.0729175019
1.18125 0.0720842636
1.1875 0.07126050178
1.19375 0.07044601247
1.2 0.06964059562
1.20625 0.06884405502
1.2125 0.06805619829
1.21875 0.06727683671
1.225 0.06650578524
1.23125 0.06574286239
1.2375 0.0649878902
1.24375 0.06424069416
1.25 0.06350110313
1.25625 0.06276894933
1.2625 0.06204406821
1.26875 0.06132629849
1.275 0.06061548201
1.28125 0.05991146376
1.2875 0.05921409177
1.29375 0.05852321714
1.3 0.05783869393
1.30625 0.05716037918
1.3125 0.05648813283
1.31875 0.05582181776
1.325 0.05516129969
1.33125 0.05450644725
1.3375 0.05385713192
1.34375 0.05321322807
1.35 0.05257461292
1.35625 0.05194116664
1.3625 0.05131277233
1.36875 0.05068931609
1.375 0.05007068712
1.38125 0.04945677776
1.3875 0.04884748364
1.39375 0.04824270381
1.4 0.04764234095
1.40625 0.04704630153
1.4125 0.04645449613
1.41875 0.04586683972
1.425 0.04528325205
1.43125 0.04470365816
1.4375 0.04412798888
1.44375 0.04355618155
1.45 0.04298818082
1.45625 0.04242393965
1.4625 0.04186342049
1.46875 0.04130659673
1.475 0.04075345447
1.48125 0.04020399464
1.4875 0.03965823561
1.49375 0.03911621638
1.5 0.03857800044
1.50625 0.03804368056
1.5125 0.03751338463
1.51875 0.03698728288
1.525 0.03646559664
1.53125 0.03594860922
1.5375 0.03543667916
1.54375 0.03493025634
1.55 0.03442990152
1.55625 0.03393630974
1.5625 0.03345033771
1.56875 0.03297303556
1.575 0.03250568187
1.58125 0.0320498207
1.5875 0.03160729748
1.59375 0.03118028847
1.6 0.03077131673
1.60625 0.03038324493
1.6125 0.03001923461
1.61875 0.02968266321
1.625 0.0293769947
1.63125 0.02910560855
1.6375 0.02887160131
1.64375 0.0286775837
1.65 0.02852549861
1.65625 0.02841648127
1.6625 0.02835077317
1.66875 0.02832768936
1.675 0.02834562874
1.68125 0.028402111
1.6875 0.02849382232
1.69375 0.02861665331
1.7 0.02876571604
1.70625 0.02893533024
1.7125 0.02911897195
1.71875 0.02930917948
1.725 0.02949741265
1.73125 0.02967386111
1.7375 0.02982719642
1.74375 0.02994426141
1.75 0.03000968765
1.75625 0.03000542976
1.7625 0.02991020134
1.76875 0.02969879411
1.775 0.02934125653
1.78125 0.02880190301
1.7875 0.02803811789
1.79375 0.02699891064
1.8 0.02562316927
1.80625 0.02383754755
1.8125 0.02155390951
1.81875 0.01866623883
1.825 0.0150469039
1.83125 0.01054214932
1.8375 0.004966661544
1.84375 -0.001902970673
1.85 -0.01033611125
1.85625 -0.02065749546
1.8625 -0.03325850581
1.86875 -0.04861065434
1.875 -0.06728169006
1.88125 -0.08995483538
1.8875 -0.1174517599
1.89375 -0.1507600264
1.9 -0.1910658884
1.90625 -0.239793484
1.9125 -0.2986516409
1.91875 -0.3696896715
1.925 -0.4553636734
1.93125 -0.5586149164
1.9375 -0.6829618461
1.94375 -0.8326070033
1.95 -1.012559638
1.95625 -1.228773885
1.9625 -1.488300906
1.96875 -1.799451214
1.975 -2.17196033
1.98125 -2.617146874
1.9875 -3.148047088
1.99375 -3.7795041
2 -4.528184389
2.00625 -5.412489411
2.0125 -6.452328856
2.01875 -7.668726015
2.025 -9.083237379
2.03125 -10.7171893
2.0375 -12.59076323
2.04375 -14.72199374
2.05 -17.12577298
2.05625 -19.81297218
2.0625 -22.78978846
2.06875 -26.05740012
2.075 -29.61197062
2.08125 -33.44499062
2.0875 -37.54390083
2.09375 -41.89290703
2.1 -46.47388687
2.10625 -51.26729468
2.1125 -56.25299039
2.11875 -61.41094395
2.125 -66.72179224
2.13125 -72.1672456
2.1375 -77.73035618
2.14375 -83.39566827
2.15 -89.14927425
2.15625 -94.97879954
2.1625 -100.8733376
2.16875 -106.8233527
2.175 -112.8205637
2.18125 -118.8578207
2.1875 -124.9289802
2.19375 -131.0287853
2.2 -137.1527541
2.20625 -143.2970762
2.2125 -149.458521
2.21875 -155.6343551
2.225 -161.8222703
2.23125 -168.0203204
2.2375 -174.2268671
2.24375 -180.4405324
2.25 -186.6601586
2.25625 -192.8847741
2.2625 -199.1135642
2.26875 -205.3458456
2.275 -211.5810462
2.28125 -217.8186869
2.2875 -224.0583669
2.29375 -230.2997508
2.3 -236.5425579
2.30625 -242.7865537
2.3125 -249.0315424
2.31875 -255.27736
2.325 -261.5238696
2.33125 -267.770957
2.3375 -274.0185267
2.34375 -280.2664988
2.35 -286.514807
2.35625 -292.7633954
2.3625 -299.0122179
2.36875 -305.2612355
2.375 -311.510416
2.38125 -317.7597324
2.3875 -324.0091622
2.39375 -330.2586866
2.4 -336.5082899
2.40625 -342.757959
2.4125 -349.007683
2.41875 -355.2574529
2.425 -361.5072609
2.43125 -367.7571008
2.4375 -374.0069673
2.44375 -380.2568559
2.45 -386.5067631
2.45625 -392.7566856
2.4625 -399.0066211
2.46875 -405.2565672
2.475 -411.5065223
2.48125 -417.7564849
2.4875 -424.0064536
2.49375 -430.2564276
2.5 -436.5064059
