# x y  (written by maestro2tex)
1 0.0007165972442
8 -0.0007091801982
15 0.0009997273175
22 0.0007492685907
29 0.0009644096203
36 0.0002586268591
43 0.0008772949944
50 0.0007257533884
57 0.0009597017432
64 -0.0149980733
71 0.0009124462141
78 0.0008389577584
85 0.0008504269645
92 0.0005432859243
99 0.0008986551721
106 0.0007805895818
113 0.0009605474242
120 -0.0001133228838
127 0.001303346422
134 0.0007290625341
141 0.0008736692563
148 0.0003108449049
155 0.0009415338758
162 0.0006807636095
169 0.0008442711198
176 -0.002100215211
183 0.001040060562
190 0.001057227342
197 0.0008726106422
204 0.0004624065456
211 0.0009340822851
218 0.0008632810111
225 0.0009611660656
232 -0.0003513480139
239 0.001202501153
246 0.001035429889
253 0.001258261379
260 0.0002526079623
267 0.0008621520847
274 0.0006642307458
281 0.0008615429605
288 -0.006556630213
295 0.0009248238595
302 0.0008640263225
309 0.000904753082
316 0.0006376017661
323 0.0008556514384
330 0.0007048097289
337 0.0008385788276
344 -0.0003411175944
351 0.001151733169
358 0.0008267062037
365 0.000997295479
372 0.0005126748112
379 0.001133242159
386 0.0007148204946
393 0.000859403636
400 -0.002462807878
407 0.001006215151
414 0.001003421584
421 0.0009018398769
428 0.0005305594776
435 0.001006676246
442 0.000952311094
449 0.0009537569082
456 -0.0004415669115
463 0.001167524029
470 0.0009515877053
477 0.001151548672
484 0.0005415449653
491 0.001136253084
498 0.001019238848
505 0.001238299786
512 -0.1307890884
519 0.0009150660088
526 0.0008330418061
533 0.0008253510531
540 0.0005118571911
547 0.0008323657896
554 0.0007026016481
561 0.0008517584352
568 -0.0002601669847
575 0.001200278036
582 0.0007296316706
589 0.000874723406
596 0.0003325055998
603 0.0009514479785
610 0.000721281792
617 0.0008871527133
624 -0.001896587189
631 0.001105660207
638 0.001128838996
645 0.0008211824906
652 0.0004003525125
659 0.0008534940234
666 0.0007690759928
673 0.00082887847
680 -0.0005162404898
687 0.001074418959
694 0.00087578123
701 0.001098401456
708 0.0003489091462
715 0.000942752711
722 0.0007668454176
729 0.0009773768553
736 -0.005218154932
743 0.001083408148
750 0.00103273957
757 0.001086235076
764 0.0008382147589
771 0.0008865649231
778 0.000733487064
785 0.0008441929931
792 -0.0003831293672
799 0.001162902757
806 0.0007938675341
813 0.0009539921802
820 0.000436719842
827 0.001077025616
834 0.0007368688554
841 0.0008807500963
848 -0.002315960352
855 0.001046248281
862 0.001041912431
869 0.0009654033873
876 0.0005943150925
883 0.001082804199
890 0.001029627297
897 0.0009374331636
904 -0.0004961206857
911 0.001162006429
918 0.0009148107
925 0.001108783222
932 0.00044856864
939 0.001051094259
946 0.0009098089997
953 0.001123959089
960 -0.01170798806
967 0.001150626762
974 0.001063505829
981 0.001085315692
988 0.0007866714331
995 0.001165252346
1002 0.001032664516
1009 0.001217169238
1016 0.0001873179683
1023 0.00152891496
1030 0.0007178521227
1037 0.0008684846
1044 0.0002976755759
1051 0.0009322701149
1058 0.0006469857373
1065 0.0008114125311
1072 -0.002230202602
1079 0.001014337868
1086 0.001032737952
1093 0.0008007645958
1100 0.0003865740577
1107 0.0008519676695
1114 0.0007710312253
1121 0.0008468591805
1128 -0.0004763658621
1135 0.001104746219
1142 0.0009249412256
1149 0.001150749525
1156 0.0002504298748
1163 0.0008553903552
1170 0.0006549070059
1177 0.0008563979089
1184 -0.006303266149
1191 0.0009313850682
1198 0.0008721392841
1205 0.0009079342877
1212 0.0006460276754
1219 0.0008904020531
1226 0.0007386221687
1233 0.0008743518519
1240 -0.0002830556056
1247 0.001195038124
1254 0.0008919147948
1261 0.001057496582
1268 0.0005759377649
1275 0.001197761418
1282 0.0006606600256
1289 0.0008061633377
1296 -0.002595107878
1303 0.0009538619787
1310 0.0009467589207
1317 0.0008181565553
1324 0.000438117799
1331 0.0009102947115
1338 0.0008641456023
1345 0.0008192998646
1352 -0.0005906963112
1359 0.001048235666
1366 0.000821588351
1373 0.001022998628
1380 0.000385025784
1387 0.0009788863038
1394 0.0008578026344
1401 0.0010794019
1408 -0.0271842399
1415 0.0009938180622
1422 0.0009101584169
1429 0.0009046756293
1436 0.0005847241428
1443 0.0009288354917
1450 0.000799174819
1457 0.0009651538678
1464 -0.0001258517756
1471 0.001293679432
1478 0.0008980581744
1485 0.001034677174
1492 0.000500513297
1499 0.001116579582
1506 0.0009160035702
1513 0.001067737689
1520 -0.001548402628
1527 0.001283102794
1534 0.001297570703
1541 0.0008594655751
1548 0.0004336428989
1555 0.0008913109899
1562 0.0008032718986
1569 0.000839576214
1576 -0.0005205056187
1583 0.001088338041
1590 0.0008918661685
1597 0.001110847715
1604 0.0003173096892
1611 0.0009133365576
1618 0.0007357539293
1625 0.0009365121385
1632 -0.005681198047
1639 0.001013967882
1646 0.0009722844324
1653 0.001028899735
1660 0.0007744340032
1667 0.000905449424
1674 0.0007525857919
1681 0.0008665300195
1688 -0.0003510352854
1695 0.001179047115
1702 0.0008278988094
1709 0.0009945882727
1716 0.0004850206924
1723 0.00111417322
1730 0.0008054434581
1737 0.0009462471398
1744 -0.00219515275
1751 0.001102709083
1758 0.00109928393
1765 0.001041811986
1772 0.0006771455347
1779 0.001160416059
1786 0.001106790465
1793 0.0009244996435
1800 -0.000515805381
1807 0.001154528097
1814 0.0009053660899
1821 0.001109222609
1828 0.0004198230442
1835 0.001023414967
1842 0.0008674695077
1849 0.001087134381
1856 -0.01340737336
1863 0.001075093999
1870 0.000989662008
1877 0.001007396381
1884 0.0007014112999
1891 0.00106552972
1898 0.0009315479333
1905 0.001109200649
1912 5.917235757e-05
1919 0.001434010652
1926 0.0009608799731
1933 0.001097386411
1940 0.0005376499614
1947 0.001146265173
1954 0.0009002109168
1961 0.001060855111
1968 -0.001777880158
1975 0.001253719933
1982 0.001268516853
1989 0.00112228182
1996 0.0007144709899
2003 0.001168649831
2010 0.00109452259
2017 0.001202287262
2024 -9.865933888e-05
2031 0.00142670184
2038 0.001255802958
2045 0.001466472435
2048 -0.4788375338
2052 0.0002858757187
2059 0.0009039502667
2066 0.0007041335238
2073 0.0009053821072
2080 -0.006662303875
2087 0.000968384051
2094 0.000905183528
2101 0.0009476969406
2108 0.000675212542
2115 0.0008763196923
2122 0.0007273530078
2129 0.0008582853437
2136 -0.0003330260021
2143 0.001172060107
2150 0.0008437467916
2157 0.001021332571
2164 0.0005321806378
2171 0.00116100325
2178 0.0006948235213
2185 0.0008416390565
2192 -0.002522084034
2199 0.0009898773295
2206 0.0009878999538
2213 0.0008745123075
2220 0.0004995763005
2227 0.0009718421482
2234 0.0009196994162
2241 0.0008971763519
2248 -0.000505719319
2255 0.001122378647
2262 0.0009060548407
2269 0.00111142729
2276 0.0004913069082
2283 0.001086726597
2290 0.0009630394144
2297 0.001190805162
2304 -0.06243162009
2311 0.0009726767526
2318 0.000888317443
2325 0.0008819833659
2332 0.0005650378493
2339 0.0008868291287
2346 0.0007551022393
2353 0.0009096020073
2360 -0.000196116
2367 0.001255702317
2374 0.0008034851643
2381 0.0009431821071
2388 0.0004037508827
2395 0.00101983075
2402 0.0007964352177
2409 0.000951614773
2416 -0.001793600797
2423 0.00116824059
2430 0.001187222702
2437 0.0009171064178
2444 0.0004933496548
2451 0.0009457476239
2458 0.0008506859434
2465 0.0009204935318
2472 -0.0004165233285
2479 0.001169193351
2486 0.0009752813551
2493 0.001198740951
2500 0.0004692562539
2507 0.001064836091
2514 0.0008894199873
2521 0.001096917613
2528 -0.004930689013
2535 0.001201273255
2542 0.001152899329
2549 0.001210503744
2556 0.0009594837681
2563 0.0009054321956
2570 0.0007575390068
2577 0.0008665632434
2584 -0.0003736147457
2591 0.001188853878
2598 0.000814580281
2605 0.0009761975202
2612 0.0004611671232
2619 0.001098714703
2626 0.000733699426
2633 0.0008748914102
2640 -0.002360927072
2647 0.001036883397
2654 0.001031016113
2661 0.0009450845
2668 0.0005836446124
2675 0.001072062543
2682 0.001017914055
2689 0.0008813664503
2696 -0.0005527382573
2703 0.00111359579
2710 0.0008619612712
2717 0.001069341319
2724 0.0003978070788
2731 0.001003365239
2738 0.0008576377758
2745 0.001076943273
2752 -0.01257829954
2759 0.001083905644
2766 0.0009925748559
2773 0.001012886163
2780 0.0007122599648
2787 0.001088880861
2794 0.0009598799806
2801 0.001143557382
2808 0.0001022838913
2815 0.001464112274
2822 0.0008875912569
2829 0.001025630325
2836 0.0004587834727
2843 0.001084342262
2850 0.0008134338303
2857 0.0009709328319
2864 -0.001997161071
2871 0.001155078025
2878 0.001172265688
2885 0.0009763368505
2892 0.000558818839
2899 0.00102535442
2906 0.0009475296684
2913 0.001036339828
2920 -0.0002851427181
2927 0.001267589371
2934 0.001097009798
2941 0.001316607461
2948 0.0005022994168
2955 0.001098288333
2962 0.0009067622447
2969 0.001098214145
2976 -0.005769800682
2983 0.00116970949
2990 0.00111375663
2997 0.001154456652
3004 0.0008898825879
3011 0.00116596716
3018 0.001012657752
3025 0.001137940903
3032 -7.194437258e-06
3039 0.001443324843
3046 0.001154787966
3053 0.001314609207
3060 0.0008374022342
3067 0.001442963244
3074 0.0008086270096
3081 0.0009612982485
3088 -0.002477179047
3095 0.001109804084
3102 0.001106152993
3109 0.0009731040542
3116 0.0005912492284
3123 0.001064272464
3130 0.001013989622
3137 0.0009466098512
3144 -0.0004701971884
3151 0.001183631284
3158 0.0009523953164
3165 0.001155093028
3172 0.0005056603166
3179 0.001114845391
3186 0.0009893977254
3193 0.001210041541
3200 -0.02997576416
3207 0.00108867674
3214 0.001003966498
3221 0.0009960642437
3228 0.0006856292746
3235 0.001022766863
3242 0.0008917050794
3249 0.001050369172
3256 -4.942058326e-05
3263 0.00138012856
3270 0.0009594886728
3277 0.001091275141
3284 0.0005593722141
3291 0.001178988327
3298 0.0009732781388
3305 0.001130206506
3312 -0.001541474037
3319 0.001342249004
3326 0.001361727778
3333 0.0009939642084
3340 0.0005646971666
3347 0.001024762936
3354 0.0009389139113
3361 0.0009803505372
3368 -0.0003783959314
3375 0.001219224773
3382 0.00102334426
3389 0.0012454487
3396 0.0004718578285
3403 0.001067394348
3410 0.0008944163305
3417 0.001098693678
3424 -0.005357546134
3431 0.001185862969
3438 0.001133625423
3445 0.001191252824
3452 0.0009342285798
3459 0.001100697094
3466 0.0009434643966
3473 0.001059501336
3480 -0.0001527607637
3487 0.001357367577
3494 0.001013044367
3501 0.001178503093
3508 0.0006717563565
3515 0.001293873712
3522 0.001003454699
3529 0.001145770895
3536 -0.00196266759
3543 0.001303729733
3550 0.001298472136
3557 0.001244227797
3564 0.0008760296612
3571 0.001358773187
3578 0.001302754038
3585 0.001050230322
3592 -0.0003943388962
3599 0.001293962032
3606 0.00103799229
3613 0.001240748483
3620 0.0005412066562
3627 0.001152063164
3634 0.0009958188525
3641 0.001224850718
3648 -0.0139750491
3655 0.001190882089
3662 0.001107580798
3669 0.001119176101
3676 0.0008093062471
3683 0.00116411576
3690 0.001031067852
3697 0.001211577396
3704 0.000147178051
3711 0.001537326008
3718 0.001016258735
3725 0.00115888243
3732 0.0005947487717
3739 0.001212351634
3746 0.0009631261585
3753 0.001124282941
3760 -0.001764450601
3767 0.001314380096
3774 0.001330890669
3781 0.001165186065
3788 0.0007523268299
3795 0.001210553248
3802 0.001134114895
3809 0.001234231058
3816 -7.031787107e-05
3823 0.001470025694
3830 0.001297078005
3837 0.001514665917
3844 0.0006249262982
3851 0.001227449918
3858 0.001023446819
3865 0.00121994677
3872 -0.006008014186
3879 0.001280819184
3886 0.00121449918
3893 0.001244327703
3900 0.000974936754
3907 0.001209000413
3914 0.001057248414
3921 0.001187423163
3928 1.935692936e-05
3935 0.0014961221
3942 0.001182755519
3949 0.001342471669
3956 0.000856760022
3963 0.001472934621
3970 0.001107589275
3977 0.00124073987
3984 -0.002038832216
3991 0.001382566462
3998 0.001364978703
4005 0.001265642773
4012 0.0008913983045
4019 0.001365022345
4026 0.001300749757
4033 0.001323979362
4040 -6.853775105e-05
4047 0.001524286434
4054 0.001303753341
4061 0.001497900148
4068 0.0008942715999
4075 0.001474474928
4082 0.001351870275
4089 0.001560565929
4095 0.001766835987
