# x y  (written by maestro2tex)
1 0.0006868210567
8 -0.0005741654121
15 0.0009129976835
22 0.0006854791796
29 0.0008841027116
36 0.0002632490243
43 0.0007937526252
50 0.0006716065122
57 0.0008826061387
64 -0.01312730254
71 0.0008272930714
78 0.0007570201139
85 0.000771696315
92 0.0004907490458
99 0.0008167118469
106 0.0007082921773
113 0.0008850515957
120 -9.145109272e-05
127 0.001170926512
134 0.0006676439918
141 0.0007941145977
148 0.0002944205766
155 0.0008426906256
162 0.0006289882805
169 0.000767926953
176 -0.001853840596
183 0.0009242340883
190 0.0009421081223
197 0.0007946553371
204 0.0004186663231
211 0.0008368370119
218 0.0007745426531
225 0.0008864454842
232 -0.0002949741696
239 0.001070838302
246 0.0009251216018
253 0.001133042603
260 0.0002615336611
267 0.0007788867997
274 0.0006111571203
281 0.0007847127065
288 -0.005743054951
295 0.0008245652489
302 0.0007664147406
309 0.0008109269937
316 0.0005671038867
323 0.0007739851067
330 0.0006335858848
337 0.0007633477232
344 -0.0003021402699
351 0.001019575443
358 0.0007339068814
365 0.0008876285303
372 0.0004598476681
379 0.001004300173
386 0.0006641463175
393 0.0007833485886
400 -0.002147901969
407 0.0008906655087
414 0.0008893769774
421 0.000808787784
428 0.0004688590935
435 0.0008943411398
442 0.000847912795
449 0.0008793248412
456 -0.0003680417509
463 0.001036137842
470 0.0008423550973
477 0.001026600449
484 0.0004975440983
491 0.001008081664
498 0.0009196732615
505 0.001116583346
512 -0.1148700563
519 0.0008296563749
526 0.0007512450538
533 0.000746357301
540 0.0004610548292
547 0.0007501530458
554 0.0006304317738
561 0.0007759874974
568 -0.0002301768058
575 0.001067582736
582 0.0006526340118
589 0.0007798789014
596 0.0002993583257
603 0.0008373196868
610 0.0006539378701
617 0.0007955285374
624 -0.001689962839
631 0.0009745525396
638 0.0009981507443
645 0.0007429640271
652 0.0003583461725
659 0.0007559804314
666 0.0006804667733
673 0.0007538823346
680 -0.0004517504653
687 0.0009424807129
694 0.0007655947918
701 0.0009729041452
708 0.0003245915177
715 0.0008293971253
722 0.0006830601553
729 0.0008704658125
736 -0.004650228242
743 0.0009530738299
750 0.0009044254568
757 0.0009623432261
764 0.0007344991268
771 0.0008046547252
778 0.0006624167189
785 0.0007687114055
792 -0.0003359981207
799 0.001030486211
806 0.0007012081717
813 0.0008440627112
820 0.0003856282244
827 0.0009478161883
834 0.000670624728
841 0.000789414108
848 -0.002040822793
855 0.000915419529
862 0.000912303038
869 0.0008570780516
876 0.0005159075285
883 0.0009551973826
890 0.0009096713881
897 0.0008627503821
904 -0.0004144377021
911 0.001030361807
918 0.000805718115
925 0.0009835725571
932 0.0004063027065
939 0.0009226570543
946 0.0008103748137
953 0.001001973559
960 -0.01043397816
967 0.001020586147
974 0.0009362844083
981 0.0009617091611
988 0.0006872536973
995 0.001038434111
1002 0.0009150985831
1009 0.00109680378
1016 0.0001558794943
1023 0.001351609541
1030 0.0006549203527
1037 0.0007872166162
1044 0.000280526549
1051 0.0008317103528
1058 0.0005936898972
1065 0.0007333484147
1072 -0.001968744846
1079 0.0008967882546
1086 0.000916091587
1093 0.0007210828864
1100 0.0003420933378
1107 0.000752994364
1114 0.0006807613828
1121 0.0007704065397
1128 -0.0004175809917
1135 0.0009713524463
1142 0.0008130981002
1149 0.001023797827
1156 0.0002420947148
1163 0.0007555921723
1170 0.0005851575402
1177 0.0007630371054
1184 -0.005556139123
1191 0.000814598062
1198 0.0007578548031
1205 0.0007975829773
1212 0.0005582761989
1219 0.0007922121777
1226 0.0006507320185
1233 0.0007826003002
1240 -0.0002636570155
1247 0.001046355102
1254 0.0007824497152
1261 0.0009313087746
1268 0.0005058665762
1275 0.001052296924
1282 0.0006084655437
1289 0.0007283891315
1296 -0.002265114518
1303 0.0008365913584
1310 0.0008311900899
1317 0.0007233802002
1324 0.0003756790214
1331 0.0007962343804
1338 0.0007582173222
1345 0.0007431363778
1352 -0.000514763397
1359 0.0009151203792
1366 0.0007108215174
1373 0.0008963184134
1380 0.0003402726818
1387 0.0008489829734
1394 0.000756698237
1401 0.0009559502878
1408 -0.02413296584
1415 0.0008773290697
1422 0.0007969691068
1429 0.0007946114754
1436 0.0005012708248
1443 0.0008155572181
1450 0.0006956277646
1457 0.0008583214858
1464 -0.0001335775376
1471 0.00112991542
1478 0.0007896897136
1485 0.0009087775501
1492 0.0004347420868
1499 0.0009713965155
1506 0.0008172990001
1513 0.000945067593
1520 -0.001399807477
1527 0.001120941879
1534 0.001135512796
1541 0.0007795486043
1548 0.0003909277659
1555 0.0007920943441
1562 0.0007131566839
1569 0.0007628749388
1576 -0.000453561747
1583 0.0009546896995
1590 0.000780166207
1597 0.0009836372382
1604 0.0002922679785
1611 0.0007982664967
1618 0.0006504499631
1625 0.0008278840035
1632 -0.005047588107
1639 0.0008819164427
1646 0.0008424485413
1653 0.0009032862035
1660 0.0006699844489
1667 0.0008070168723
1674 0.0006648502352
1681 0.000774529127
1688 -0.0003234825589
1695 0.001030109248
1702 0.0007185782024
1709 0.0008681420008
1716 0.0004166891705
1723 0.0009684477599
1730 0.0007225429835
1737 0.0008383997632
1744 -0.001948932615
1751 0.0009553681372
1758 0.0009530167935
1765 0.0009169774359
1772 0.0005815036282
1779 0.001016298903
1786 0.0009701798101
1793 0.0008481123984
1800 -0.0004316686952
1807 0.001021175136
1814 0.0007947617568
1821 0.0009822994505
1828 0.0003768336788
1835 0.000893263681
1842 0.0007665181089
1849 0.0009634322605
1856 -0.01186527952
1863 0.0009433368623
1870 0.0008609202178
1877 0.0008820698402
1884 0.0006012608521
1891 0.0009369905902
1898 0.0008124570743
1905 0.0009871121046
1912 3.015794308e-05
1919 0.001254983179
1926 0.0008526737575
1933 0.0009712442895
1940 0.0004736396689
1947 0.001000834156
1954 0.0008016604318
1961 0.000937933848
1968 -0.001595515046
1975 0.001091304515
1982 0.001106602629
1989 0.0009977516736
1996 0.0006231460891
2003 0.001024828211
2010 0.0009590072202
2017 0.001080995236
2024 -9.31282442e-05
2031 0.001248452022
2038 0.001098713578
2045 0.00129467035
2048 -0.4239793898
2052 0.0002880995776
2059 0.0008135034933
2066 0.0006439744149
2073 0.0008213688125
2080 -0.005823687409
2087 0.0008609394787
2094 0.0008004801083
2101 0.0008466837234
2108 0.0005980008748
2115 0.0007874657786
2122 0.0006490361836
2129 0.0007758652718
2136 -0.0002992498581
2143 0.00103270882
2150 0.0007438502636
2157 0.0009044714721
2164 0.000472634676
2171 0.001024863753
2178 0.0006370501801
2185 0.0007583891539
2192 -0.00220634794
2199 0.0008671308484
2206 0.0008667521005
2213 0.0007742627919
2220 0.00043115069
2227 0.0008523087432
2234 0.000808196378
2241 0.0008155439151
2248 -0.0004374140169
2255 0.0009837912431
2262 0.0007897151897
2269 0.0009792758582
2276 0.0004405750251
2283 0.0009513521478
2290 0.0008563644106
2297 0.001061883328
2304 -0.05499318441
2311 0.0008655212108
2318 0.0007846994021
2325 0.0007812475114
2332 0.000492111818
2339 0.0007828756362
2346 0.0006611175998
2353 0.0008120914369
2360 -0.0001894765774
2367 0.001101259413
2374 0.0007046743431
2381 0.0008265997696
2388 0.0003484904641
2395 0.0008839636492
2402 0.0007072817144
2409 0.0008382559545
2416 -0.001615272918
2423 0.00101539371
2430 0.001034717968
2437 0.000817156497
2444 0.0004292340592
2451 0.0008265023335
2458 0.0007402709906
2465 0.000823769553
2472 -0.0003753623333
2479 0.001015518921
2486 0.0008432866444
2493 0.001051507882
2500 0.0004228368525
2507 0.0009297486124
2514 0.0007838321417
2521 0.0009682761727
2528 -0.004410908771
2535 0.001049205179
2542 0.00100277494
2549 0.001064879093
2556 0.0008336530126
2563 0.000816339779
2570 0.0006793810004
2577 0.0007838978745
2584 -0.0003316785018
2591 0.001049248348
2598 0.0007148291538
2605 0.0008590797237
2612 0.0004033624365
2619 0.0009623144465
2626 0.0006603614178
2633 0.0007763656845
2640 -0.002084949753
2647 0.0008988630466
2654 0.0008943088183
2661 0.0008295671893
2668 0.0004985168969
2675 0.0009372609929
2682 0.0008908574399
2689 0.0007994890168
2696 -0.0004762689926
2703 0.0009747558328
2710 0.0007457677858
2717 0.0009369328493
2724 0.0003488153663
2731 0.0008677301013
2738 0.0007510991776
2745 0.0009477575275
2752 -0.01118297111
2759 0.0009466655851
2766 0.0008582485084
2773 0.0008820793124
2780 0.0006061131314
2787 0.0009548614858
2794 0.0008352064161
2801 0.001015988529
2808 6.56215452e-05
2815 0.001279603227
2822 0.0007889481928
2829 0.00090881017
2836 0.0004052899976
2843 0.0009482295472
2850 0.0007244366656
2857 0.0008573250249
2864 -0.001785057952
2871 0.001001978354
2878 0.001019906083
2885 0.0008611172519
2892 0.0004780001663
2899 0.0008908420934
2906 0.0008215615396
2913 0.0009243528574
2920 -0.0002652753852
2927 0.001098650404
2934 0.0009494663944
2941 0.001154111853
2948 0.0004576474356
2955 0.0009629571558
2962 0.0008013292704
2969 0.0009693244187
2976 -0.005113801858
2983 0.001017390041
2990 0.0009637788629
2997 0.001008576554
3004 0.0007657966493
3011 0.00103225129
3018 0.0008890866528
3025 0.001010669523
3032 -2.669939284e-05
3039 0.001259103225
3046 0.001009637891
3053 0.001152893316
3060 0.000731010644
3067 0.001261965795
3074 0.0007493739621
3081 0.0008763650536
3088 -0.002146246775
3095 0.0009853657833
3102 0.0009835098071
3109 0.000871162666
3116 0.0005221233095
3123 0.0009430420443
3130 0.0009009867465
3137 0.0008632815695
3144 -0.0003994209181
3151 0.001043340162
3158 0.0008345509033
3165 0.001021236679
3172 0.0004542168079
3179 0.000977763748
3186 0.0008812135399
3193 0.001079410774
3200 -0.02641694621
3207 0.000965010112
3214 0.0008836939639
3221 0.0008788224815
3228 0.0005954725277
3235 0.0009023084845
3242 0.0007810733333
3249 0.000936356301
3256 -6.233275114e-05
3263 0.001209175798
3270 0.0008440335014
3277 0.0009581925115
3284 0.0004868955998
3291 0.001026618636
3298 0.0008674854326
3305 0.001000350235
3312 -0.001392022844
3319 0.001172897442
3326 0.001192572152
3333 0.000892323677
3340 0.0004998821132
3347 0.0009038215949
3354 0.0008269992599
3361 0.0008819289062
3368 -0.0003347663343
3375 0.001063846901
3382 0.0008898440796
3389 0.00109650979
3396 0.0004247268951
3403 0.0009306018065
3410 0.0007873199512
3417 0.0009683439989
3424 -0.004772026466
3431 0.001032085316
3438 0.0009819885174
3445 0.001043916314
3452 0.0008076750816
3459 0.0009805466649
3466 0.0008339391198
3473 0.0009457861295
3480 -0.0001485155322
3487 0.001186702725
3494 0.0008819322394
3501 0.001030337924
3508 0.000581336029
3515 0.00112642571
3522 0.000898769529
3529 0.001016210193
3536 -0.001744671406
3543 0.001134666303
3550 0.001130405627
3557 0.001097676733
3564 0.0007582947999
3571 0.001192935491
3578 0.001144347841
3585 0.000966680848
3592 -0.0003153545513
3599 0.001153435364
3606 0.0009203128886
3613 0.001106651926
3620 0.0004915305974
3627 0.00101473753
3634 0.0008877913563
3641 0.001093972032
3648 -0.01231122563
3655 0.001051947071
3662 0.0009717552475
3669 0.000986671639
3676 0.0007024535084
3683 0.0010283977
3690 0.0009048937398
3697 0.001082308612
3704 0.0001129786741
3711 0.001351109129
3718 0.0009009701864
3725 0.001025560368
3732 0.0005240369215
3739 0.001059737301
3746 0.0008574904358
3753 0.0009941786942
3760 -0.001581220828
3767 0.001144777234
3774 0.001161882228
3781 0.001033471505
3788 0.000654292803
3795 0.001059544878
3802 0.0009915075899
3809 0.001105753302
3816 -6.997904976e-05
3823 0.001284583617
3830 0.001132892506
3837 0.001335670005
3844 0.0005795890918
3851 0.001090428309
3858 0.0009165253826
3865 0.001089365153
3872 -0.00528611742
3879 0.00112680137
3886 0.00106302103
3893 0.001096749511
3900 0.0008501433535
3907 0.001073588574
3914 0.0009321782454
3921 0.001058452102
3928 2.315231931e-06
3935 0.001310193798
3942 0.001036100429
3949 0.001179050576
3956 0.0007496561697
3963 0.001290228655
3970 0.001003078733
3977 0.001110947897
3984 -0.001786982754
3991 0.001213261789
3998 0.001197070065
4005 0.001118852057
4012 0.0007754244239
4019 0.001198939767
4026 0.001142498705
4033 0.00119581387
4040 -5.100265151e-05
4047 0.001339142078
4054 0.001140669376
4061 0.001319200412
4068 0.0007960088722
4075 0.001292554791
4082 0.001198458412
4089 0.001385101352
4095 0.001550947123
