# x y  (written by maestro2tex)
0 0
8 -5.961454023
16 -5.961361268
24 -8.710332543
32 -5.961052488
40 -10.36532838
48 -8.709623811
56 -9.820020154
64 -5.959847533
72 -11.19477123
80 -10.36340456
88 -12.31313718
96 -8.706886482
104 -12.31190336
112 -9.816266452
120 -10.09948241
128 -5.955043356
136 -11.60573431
144 -11.18857697
152 -13.56167815
160 -10.35579039
168 -14.39857908
176 -12.30385104
184 -13.00722797
192 -8.695985442
200 -13.55490609
208 -12.2989506
216 -13.83995363
224 -9.801370459
232 -12.99923882
240 -10.0823477
248 -9.950016996
256 -5.935838317
264 -11.79371731
272 -11.58366463
280 -14.16872865
288 -11.16387686
296 -15.42665395
304 -13.53393597
312 -14.44937399
320 -10.32537931
328 -15.41861807
336 -14.36461321
344 -16.12605398
352 -12.26682293
360 -15.69932483
368 -12.96664619
376 -13.04184893
384 -8.652415655
392 -14.13855968
400 -13.50690627
408 -15.68475804
416 -12.24724339
424 -16.10127393
432 -13.78390307
440 -14.27886026
448 -9.741859056
456 -14.40500055
464 -12.93475236
472 -14.26715368
480 -10.01395629
488 -13.00318439
496 -9.876991753
504 -9.535854921
512 -5.859047862
520 -11.81813792
528 -11.71058653
536 -14.40006663
544 -11.49548497
552 -15.86652082
560 -14.0745157
568 -15.09517855
576 -11.06514857
584 -16.27409097
592 -15.32096514
600 -17.19208036
608 -13.42311511
616 -16.97232207
624 -14.33228117
632 -14.51141634
640 -10.20380573
648 -15.82012811
656 -15.28885634
664 -17.58346255
672 -14.22889678
680 -18.21166216
688 -15.98298356
696 -16.58571298
704 -12.11883223
712 -16.92079567
720 -15.54285187
728 -16.9906403
736 -12.80452292
744 -15.92375177
752 -12.87252238
760 -12.63144225
768 -8.478239382
776 -14.27385479
784 -13.95397421
792 -16.44945675
800 -13.31509196
808 -17.49762819
816 -15.48380751
824 -16.29604689
832 -12.04058002
840 -17.05232513
848 -15.88398172
856 -17.54468646
864 -13.55979547
872 -16.8975149
880 -14.04614047
888 -14.01339488
896 -9.503994735
904 -14.89649386
912 -14.15500063
920 -16.22850861
928 -12.67707967
936 -16.42760449
944 -13.99937748
952 -14.38630002
960 -9.740646096
968 -14.29581434
976 -12.7180644
984 -13.94139716
992 -9.585241471
1000 -12.46298113
1008 -9.234879696
1016 -8.787691125
1024 -5.552122846
1032 -11.55450191
1040 -11.49583024
1048 -14.23273799
1056 -11.37840442
1064 -15.79730585
1072 -14.05486709
1080 -15.12483097
1088 -11.14310487
1096 -16.40286078
1104 -15.49875582
1112 -17.4206479
1120 -13.6981125
1128 -17.30009155
1136 -14.70666327
1144 -14.93539272
1152 -10.67062609
1160 -16.34463479
1168 -15.86195529
1176 -18.21059274
1184 -14.8987229
1192 -18.93990436
1200 -16.75575097
1208 -17.40975519
1216 -12.98034544
1224 -17.84509592
1232 -16.51274322
1240 -18.01487416
1248 -13.86441882
1256 -17.04386688
1264 -14.03127583
1272 -13.83864146
1280 -9.718063114
1288 -15.58530059
1296 -15.31349898
1304 -17.86953374
1312 -14.77050841
1320 -19.02230937
1328 -17.04851387
1336 -17.91473016
1344 -13.68674722
1352 -18.7744556
1360 -17.64953768
1365 -25.7001357
1368 -19.36975508
1376 -15.41156311
1384 -18.81871173
1392 -15.99974588
1400 -16.01653565
1408 -11.52767932
1416 -17.0038537
1424 -16.30705012
1432 -18.44471122
1440 -14.91793677
1448 -18.7450364
1456 -16.3487899
1464 -16.7884527
1472 -12.15702053
1480 -16.79622188
1488 -15.25562749
1496 -16.53850608
1504 -12.19635867
1512 -15.14692854
1520 -11.9412424
1528 -11.53945963
1536 -7.78258291
1544 -13.71815376
1552 -13.55101267
1560 -16.19682683
1568 -13.21689507
1576 -17.55229412
1584 -15.69134905
1592 -16.65788691
1600 -12.54914999
1608 -17.72313064
1616 -16.70604378
1624 -18.52579055
1632 -14.68152241
1640 -18.1854266
1648 -15.47578858
1656 -15.59632981
1664 -11.21541027
1672 -16.79043968
1680 -16.19805658
1688 -18.43971111
1696 -15.01653987
1704 -18.94974902
1712 -16.65610663
1720 -17.20058756
1728 -12.66593013
1736 -17.41696369
1744 -15.9773114
1752 -17.36759012
1760 -13.11723881
1768 -16.1803835
1776 -13.06751863
1784 -12.76742075
1792 -8.554436662
1800 -14.2928212
1808 -13.91385731
1816 -16.34979552
1824 -13.15720117
1832 -17.27832559
1840 -15.20649139
1848 -15.95864992
1856 -11.64866552
1864 -16.59525155
1872 -15.36912565
1880 -16.96765979
1888 -12.93080745
1896 -16.20263794
1904 -13.29813364
1912 -13.20643772
1920 -8.649896615
1928 -13.96963124
1936 -13.17126583
1944 -15.17926627
1952 -11.58039234
1960 -15.25913865
1968 -12.78050004
1976 -13.10700396
1984 -8.421093258
1992 -12.89929342
2000 -11.26953953
2008 -12.42860994
2016 -8.034074113
2024 -10.83985049
2032 -7.569288579
2040 -7.066296702
2048 -4.327395624
2056 -10.32715069
2064 -10.28814406
2072 -13.03447151
2080 -10.21002724
2088 -14.63267138
2096 -12.91606234
2104 -14.00183934
2112 -10.05326962
2120 -15.31502123
2128 -14.43365099
2136 -16.36887312
2144 -12.67806033
2152 -16.2883355
2160 -13.72265965
2168 -13.97028185
2176 -9.737585798
2184 -15.41496387
2192 -14.95340174
2200 -17.31514181
2208 -14.03220634
2216 -18.08224125
2224 -15.92372838
2232 -16.59577643
2240 -12.19713723
2248 -17.06978546
2256 -15.76045336
2264 -17.27883796
2272 -13.15763104
2280 -16.34970746
2288 -13.36321303
2296 -13.19054615
2304 -9.09748685
2312 -14.9732228
2320 -14.72165004
2328 -17.29276973
2336 -14.21901354
2344 -18.48334354
2352 -16.53270782
2360 -17.41735301
2368 -13.21555876
2376 -18.31564694
2384 -17.21222015
2392 -18.94999305
2400 -15.01675345
2408 -18.43957981
2416 -15.64373098
2424 -15.68025164
2432 -11.21554991
2440 -16.70624399
2448 -16.02987293
2456 -18.18557723
2464 -14.68137939
2472 -18.5255652
2480 -16.1507749
2488 -16.60998876
2496 -12.00066283
2504 -16.65743783
2512 -15.13725669
2520 -16.43948371
2528 -12.11822774
2536 -15.08782994
2544 -11.90228329
2552 -11.52008739
2560 -7.782453286
2568 -13.73768249
2576 -13.59017928
2584 -16.25613666
2592 -13.29527654
2600 -17.6516491
2608 -15.8099139
2616 -16.79667811
2624 -12.70572811
2632 -17.90217519
2640 -16.90437125
2648 -18.74525623
2656 -14.91806334
2664 -18.44455712
2672 -15.75251408
2680 -15.89299322
2688 -11.5274758
2696 -17.12781654
2704 -16.55464127
2712 -18.81884016
2720 -15.41133442
2728 -19.36950818
2736 -17.09270958
2744 -17.65790187
2752 -13.13634144
2760 -17.91435455
2768 -16.49229388
2776 -17.90481279
2784 -13.66699155
2792 -16.75530631
2800 -13.65657149
2808 -13.37564139
2816 -9.173973924
2824 -14.94306894
2832 -14.58305692
2840 -17.04402891
2848 -13.86417606
2856 -18.01456804
2864 -15.95764104
2872 -16.73150634
2880 -12.43069251
2888 -17.40931875
2896 -16.19989108
2904 -17.82261755
2912 -13.79465411
2920 -17.09526321
2928 -14.20244303
2936 -14.13028191
2944 -9.580112217
2952 -14.93489381
2960 -14.15384129
2968 -16.18791021
2976 -12.59736979
2984 -16.30768073
2992 -13.84070919
3000 -14.18806699
3008 -9.506016732
3016 -14.01890967
3024 -12.40315341
3032 -13.58604235
3040 -9.195414133
3048 -12.03078867
3056 -8.767855604
3064 -8.282498266
3072 -5.014602614
3080 -10.96869451
3088 -10.87113298
3096 -13.5636861
3104 -10.67599073
3112 -15.04619929
3120 -13.26832148
3128 -14.29629977
3136 -10.28549568
3144 -15.49221925
3152 -14.5511284
3160 -16.42777346
3168 -12.67711731
3176 -16.22828746
3184 -13.60383396
3192 -13.79232858
3200 -9.503537495
3208 -15.11809044
3216 -14.59773542
3224 -16.89749687
3232 -13.55954216
3240 -17.54427296
3248 -15.32983021
3256 -15.94121036
3264 -11.49254349
3272 -16.29550135
3280 -14.92992777
3288 -16.38493725
3296 -12.21599851
3304 -15.33966697
3312 -12.30337249
3320 -12.07240509
3328 -7.935580126
3336 -13.73187638
3344 -13.4222982
3352 -15.92375412
3360 -12.80395856
3368 -16.99015737
3376 -14.989125
3384 -15.81002929
3392 -11.57029056
3400 -16.58509668
3408 -15.42817949
3416 -17.09657244
3424 -13.12676012
3432 -16.4700309
3440 -13.63193144
3448 -13.6089994
3456 -9.114463509
3464 -14.51081938
3472 -13.77990389
3480 -15.86110368
3488 -12.32312238
3496 -16.07976848
3504 -13.66354356
3512 -14.06006563
3520 -9.428317092
3528 -13.98933754
3536 -12.42269388
3544 -13.6548243
3552 -9.311768026
3560 -12.19711106
3568 -8.981007878
3576 -8.543777914
3584 -4.783274261
3592 -10.62649226
3600 -10.42195762
3608 -13.003075
3616 -10.01318424
3624 -14.26648195
3632 -12.38495272
3640 -13.30208816
3648 -9.196632259
3656 -14.2779621
3664 -13.23227575
3672 -14.99269811
3680 -11.15098939
3688 -14.57713488
3696 -11.85813957
3704 -11.93784077
3712 -7.567238635
3720 -13.04096713
3728 -12.41615984
3736 -14.59189419
3744 -11.17010182
3752 -15.0168664
3760 -12.71159889
3768 -13.20978076
3776 -8.691591256
3784 -13.34536793
3792 -11.88444337
3800 -13.21756878
3808 -8.982003679
3816 -11.96711469
3824 -8.854969099
3832 -8.519549268
3840 -4.322511423
3848 -9.948999006
3856 -9.53613475
3864 -11.90013152
3872 -8.711899915
3880 -12.73770417
3888 -10.65529267
3896 -11.357519
3904 -7.069066881
3912 -11.90743354
3920 -10.65975241
3928 -12.1956658
3936 -8.1784861
3944 -11.36362413
3952 -8.462690441
3960 -8.333176229
3968 -3.805004663
3976 -9.008542616
3984 -8.183345852
3992 -10.12171172
4000 -6.539063103
4008 -10.12250806
4016 -7.643452472
4024 -7.925765977
4032 -3.273916761
4040 -7.644460943
4048 -6.001713695
4056 -7.103560517
4064 -2.740030215
4072 -5.463140393
4080 -2.206041689
4088 -1.672634141
4095 -0.07776449522
