# x y  (written by maestro2tex)
0 0
8 0.003128554733
16 0.005122672663
24 0.008851686634
32 0.007960330645
40 0.01150195692
48 0.01426504461
56 0.01882984551
64 0.01131067164
72 0.01480717118
80 0.01722230221
88 0.0213446081
96 0.02156108232
104 0.02578504932
112 0.02950016051
120 0.03495129252
128 0.01326005187
136 0.01675438942
144 0.01904727204
152 0.02299794202
160 0.02265591503
168 0.02651997253
176 0.02967662738
184 0.03450899093
192 0.02887040777
200 0.03299048628
208 0.03607573837
216 0.04087135241
224 0.04224808899
232 0.04732077784
240 0.05188993313
248 0.05814897134
256 0.007298484885
264 0.01077197153
272 0.01302239392
280 0.01693777185
288 0.01632912101
296 0.02001034258
304 0.02294677047
312 0.02761221547
320 0.02096616098
328 0.02472989734
336 0.02739601787
344 0.03174650076
352 0.03239733726
360 0.03684202277
368 0.04074735396
376 0.04636400829
384 0.02816776521
392 0.0322078323
400 0.03507570695
408 0.03955897654
416 0.0398988029
424 0.04434185179
432 0.04813939877
440 0.05359762846
448 0.04953318949
456 0.05444986227
464 0.05831404417
472 0.0638030085
480 0.06607418071
488 0.07186257291
496 0.07720647546
504 0.08418411272
512 -0.02532197515
520 -0.02190748609
528 -0.01971519429
536 -0.01585705097
544 -0.0165714598
552 -0.01293875785
560 -0.01009762003
568 -0.005524134537
576 -0.01267888784
584 -0.009139880478
592 -0.006694183372
600 -0.002551597409
608 -0.002211531866
616 0.002012122785
624 0.00572596767
632 0.01116265459
640 -0.00892913651
648 -0.005263098551
656 -0.002797148527
664 0.001273907652
672 0.001126452866
680 0.005117821649
688 0.008417654703
696 0.0133677985
704 0.008307309413
712 0.01258841424
720 0.01577871762
728 0.02061731558
736 0.0221529222
744 0.02729534592
752 0.0319486418
760 0.03823197483
768 -0.005638201162
776 -0.001686979461
784 0.001006815498
792 0.005355276652
800 0.00527805898
808 0.009415743589
816 0.01277951866
824 0.01781877171
832 0.0119833745
840 0.01622815481
848 0.01938634468
856 0.02422472646
864 0.02548748399
872 0.03047511224
880 0.03490742287
888 0.04103526264
896 0.02534301122
904 0.03010812388
912 0.03367936602
920 0.03884314272
928 0.03989969598
936 0.04495495182
944 0.04936491861
952 0.05540220544
960 0.05239927047
968 0.05793376249
976 0.06243824926
984 0.06854666982
992 0.07157426958
1000 0.07801277298
1008 0.083975608
1016 0.09153505705
1023 0.09992804992
1024 -0.1319014944
1032 -0.1285390096
1040 -0.126385902
1048 -0.1225447993
1056 -0.1233255151
1064 -0.1197434516
1072 -0.1169484167
1080 -0.1123873874
1088 -0.1197160891
1096 -0.1162034976
1104 -0.1137922733
1112 -0.1096926219
1120 -0.1094564982
1128 -0.1052977699
1136 -0.1016581056
1144 -0.09630326388
1152 -0.1172469409
1160 -0.1137751547
1168 -0.1115172078
1176 -0.107644116
1184 -0.1080193619
1192 -0.1042240728
1200 -0.1011266328
1208 -0.09636696166
1216 -0.1018284977
1224 -0.09776834018
1232 -0.09477869654
1240 -0.09009277984
1248 -0.08876190225
1256 -0.08378255817
1264 -0.07929800783
1272 -0.07315931759
1280 -0.1205117058
1288 -0.1169059982
1296 -0.1145455551
1304 -0.1105277836
1312 -0.1109877974
1320 -0.1072182997
1328 -0.1042226584
1336 -0.09951612482
1344 -0.1058918751
1352 -0.1020420952
1360 -0.0992914444
1368 -0.09486529443
1376 -0.09407854482
1384 -0.08954240144
1392 -0.08556532617
1400 -0.07988868423
1408 -0.0969675688
1416 -0.09277001356
1424 -0.08977629699
1432 -0.08520028887
1440 -0.08477280246
1448 -0.08031428829
1456 -0.07649938971
1464 -0.07103338769
1472 -0.07481981499
1480 -0.06985779464
1488 -0.06594174108
1496 -0.06041891347
1504 -0.05804656606
1512 -0.05223395495
1520 -0.04689719304
1528 -0.03993500166
1536 -0.133941632
1544 -0.1300112072
1552 -0.1273164868
1560 -0.1229844795
1568 -0.12322085
1576 -0.1191420385
1584 -0.1158450113
1592 -0.110834824
1600 -0.1173342959
1608 -0.1133195216
1616 -0.1104301847
1624 -0.1058802827
1632 -0.1051042969
1640 -0.1005281187
1648 -0.09648006917
1656 -0.09070902164
1664 -0.1095007928
1672 -0.1053823381
1680 -0.1024576586
1688 -0.09793583284
1696 -0.09759690858
1704 -0.09314945324
1712 -0.08937759074
1720 -0.08396023861
1728 -0.08828734922
1736 -0.08348655144
1744 -0.07976548364
1752 -0.07443010922
1760 -0.07236690847
1768 -0.0667404455
1776 -0.06158792398
1784 -0.05481715503
1792 -0.09379598609
1800 -0.089106879
1808 -0.08567748308
1816 -0.08062451597
1824 -0.07995748442
1832 -0.07511726458
1840 -0.07104936907
1848 -0.06535345472
1856 -0.07034276981
1864 -0.06545743992
1872 -0.06166617543
1880 -0.05621377568
1888 -0.05428312056
1896 -0.0486812968
1904 -0.04364518186
1912 -0.03695071549
1920 -0.050925831
1928 -0.04550015731
1936 -0.04128107862
1944 -0.03548082324
1952 -0.03375184613
1960 -0.02808473525
1968 -0.02304714616
1976 -0.01638306894
1984 -0.0184724265
1992 -0.01226638577
2000 -0.007101679813
2008 -0.0003764285709
2016 0.003313791429
2024 0.01034006481
2032 0.01689117659
2040 0.02501519746
2048 -0.3900667893
2056 -0.3863180092
2064 -0.3837630309
2072 -0.3795223337
2080 -0.3799071308
2088 -0.3758962953
2096 -0.3726754474
2104 -0.3676851399
2112 -0.3746589743
2120 -0.3707404784
2128 -0.3679252785
2136 -0.3634235906
2144 -0.3628082395
2152 -0.3582464155
2160 -0.3541933569
2168 -0.3484119556
2176 -0.369211708
2184 -0.3653259409
2192 -0.3626436869
2200 -0.358329387
2208 -0.3582806581
2216 -0.3540528087
2224 -0.3505295937
2232 -0.3453432657
2240 -0.3504660985
2248 -0.3459985949
2256 -0.342585917
2264 -0.3374751727
2272 -0.335744589
2280 -0.3303530192
2288 -0.3254627485
2296 -0.3189109693
2304 -0.3671097043
2312 -0.363181388
2320 -0.3604954815
2328 -0.3561521354
2336 -0.3563058676
2344 -0.35222118
2352 -0.3488968633
2360 -0.3438587158
2368 -0.3499839324
2376 -0.3458245871
2384 -0.3427676128
2392 -0.3380355482
2400 -0.3369667971
2408 -0.332137165
2416 -0.3278646787
2424 -0.3218911521
2432 -0.3390362148
2440 -0.3345848951
2448 -0.3313400957
2456 -0.3265154043
2464 -0.3258407222
2472 -0.3210883862
2480 -0.3169723512
2488 -0.3111990639
2496 -0.314766262
2504 -0.3095033614
2512 -0.3052857555
2520 -0.2994521534
2528 -0.2967886907
2536 -0.2906638296
2544 -0.28499429
2552 -0.277692781
2560 -0.3769199186
2568 -0.3728225683
2576 -0.3699522615
2584 -0.3654397623
2592 -0.3654873364
2600 -0.3612050625
2608 -0.357704845
2616 -0.3524821011
2624 -0.3588400159
2632 -0.3546221605
2640 -0.3515257216
2648 -0.3467633038
2656 -0.3457841082
2664 -0.3409566309
2672 -0.3366437615
2680 -0.3306092404
2688 -0.3494681208
2696 -0.3451285304
2704 -0.34198612
2712 -0.337246265
2720 -0.3367018116
2728 -0.3320398327
2736 -0.3280601702
2744 -0.3224348432
2752 -0.3266451633
2760 -0.3216565684
2768 -0.3177529534
2776 -0.3122323992
2784 -0.3099893235
2792 -0.3041686882
2800 -0.2988284588
2808 -0.2918684143
2816 -0.3321766939
2824 -0.3273837662
2832 -0.3238526936
2840 -0.3186921144
2848 -0.3179372429
2856 -0.3130012405
2864 -0.3088443481
2872 -0.3030573307
2880 -0.3080195629
2888 -0.3030427145
2896 -0.2991638415
2904 -0.2936235133
2912 -0.2916293613
2920 -0.2859521535
2928 -0.2808439063
2936 -0.2740592005
2944 -0.2883262136
2952 -0.2828252291
2960 -0.2785182039
2968 -0.2726178438
2976 -0.2707939464
2984 -0.2650086336
2992 -0.2598595126
3000 -0.2530850786
3008 -0.2551620577
3016 -0.2488646666
3024 -0.2436152217
3032 -0.2368018907
3040 -0.2330464124
3048 -0.2259147326
3056 -0.2192500941
3064 -0.2110131774
3072 -0.3892632631
3080 -0.3844534065
3088 -0.3808743249
3096 -0.3756280659
3104 -0.374972348
3112 -0.3699736863
3120 -0.3657783675
3128 -0.3598570985
3136 -0.3657086648
3144 -0.360828737
3152 -0.3570504251
3160 -0.3515839604
3168 -0.3499402839
3176 -0.3444124627
3184 -0.3394032531
3192 -0.3326798461
3200 -0.3516533218
3208 -0.3467381472
3216 -0.3430333256
3224 -0.3377297941
3232 -0.3366611029
3240 -0.3314568522
3248 -0.3269558012
3256 -0.3208121638
3264 -0.3247333585
3272 -0.3192854801
3280 -0.3149389043
3288 -0.3089405899
3296 -0.3062663177
3304 -0.2999866313
3312 -0.2942075741
3320 -0.2868022602
3328 -0.3302454064
3336 -0.3252053977
3344 -0.3214181011
3352 -0.3159806306
3360 -0.3149873286
3368 -0.3097829472
3376 -0.3053639413
3384 -0.2992658644
3392 -0.3040929042
3400 -0.2988163375
3408 -0.2946364732
3416 -0.2887844474
3424 -0.286528722
3432 -0.28055007
3440 -0.2751354806
3448 -0.2680311955
3456 -0.2829472403
3464 -0.2772439658
3472 -0.2727440378
3480 -0.2666608074
3488 -0.2647015592
3496 -0.2587437186
3504 -0.2534427781
3512 -0.2465229742
3520 -0.2486993881
3528 -0.2422893923
3536 -0.2369175448
3544 -0.2299483343
3552 -0.2260816967
3560 -0.2188052382
3568 -0.212015801
3576 -0.2036277213
3584 -0.2839372794
3592 -0.2782149708
3600 -0.2737405772
3608 -0.2676272301
3616 -0.2660694918
3624 -0.2602392983
3632 -0.2551815332
3640 -0.248419478
3648 -0.2530171842
3656 -0.2472141251
3664 -0.2425354383
3672 -0.2361979449
3680 -0.2335925926
3688 -0.2272154632
3696 -0.2214024369
3704 -0.2139037852
3712 -0.2303345992
3720 -0.2244643612
3728 -0.2197925591
3736 -0.2135313688
3744 -0.211442765
3752 -0.2052735273
3760 -0.1997773564
3768 -0.1926459713
3776 -0.195087963
3784 -0.188554706
3792 -0.1831013074
3800 -0.1760480456
3808 -0.1722453613
3816 -0.1649418839
3824 -0.1581102754
3832 -0.1496707277
3840 -0.1838215286
3848 -0.1773171685
3856 -0.1720765226
3864 -0.1652377053
3872 -0.1627567437
3880 -0.1561284567
3888 -0.1502698504
3896 -0.1427960639
3904 -0.145868129
3912 -0.1392290787
3920 -0.1336868772
3928 -0.1264949309
3936 -0.1227870676
3944 -0.115441949
3952 -0.1086625514
3960 -0.1002528899
3968 -0.1117160715
3976 -0.1045084285
3984 -0.09851499768
3992 -0.0909459858
4000 -0.0874177959
4008 -0.08001147426
4016 -0.07324675893
4024 -0.06487770513
4032 -0.06509142669
4040 -0.05719331815
4048 -0.05034843529
4056 -0.04197501808
4064 -0.03660860266
4072 -0.0279586039
4080 -0.01981151964
4088 -0.01014404121
4095 0
