# x y  (written by maestro2tex)
0 0
8 -0.01255227693
16 -0.02576606034
24 -0.0705131197
32 -0.05371056738
40 -0.1527128069
48 -0.1443103961
56 -0.1996753605
64 -0.1126272373
72 -0.3100821767
80 -0.3114911807
88 -0.4283578264
96 -0.2964147986
104 -0.5055003268
112 -0.4084390869
120 -0.4589391152
128 -0.2364048406
136 -0.6257331219
144 -0.6319722675
152 -0.8473784684
160 -0.6363286037
168 -1.002299908
176 -0.8711336532
184 -0.9821671122
192 -0.609164922
200 -1.110899214
208 -1.028089193
216 -1.238929681
224 -0.8356304623
232 -1.233658513
240 -0.9377996693
248 -0.966624691
256 -0.4945903387
264 -1.265025577
272 -1.273463655
280 -1.673521209
288 -1.28709454
296 -1.944331683
304 -1.718514527
312 -1.918694113
320 -1.297941503
328 -2.149778875
336 -2.030070286
344 -2.389417521
352 -1.768930156
360 -2.422653613
368 -1.991600298
376 -2.070891722
384 -1.247099839
392 -2.326428338
400 -2.250259424
408 -2.746153621
416 -2.085407686
424 -2.934383538
432 -2.507199069
440 -2.68528019
448 -1.701790878
456 -2.778495734
464 -2.497431682
472 -2.871338164
480 -1.906498616
488 -2.667127173
496 -1.964225076
504 -1.94455334
512 -1.020597732
520 -2.551177572
528 -2.559943808
536 -3.322600436
544 -2.576586733
552 -3.804273753
560 -3.37562494
568 -3.73772657
576 -2.603031069
584 -4.132369146
592 -3.915718869
600 -4.545177411
608 -3.463810221
616 -4.595782228
624 -3.86296326
632 -4.007482731
640 -2.621654757
648 -4.437819857
656 -4.32261783
664 -5.148577458
672 -4.082196909
680 -5.47195002
688 -4.798801972
696 -5.101549527
704 -3.557520859
712 -5.281031678
720 -4.861987042
728 -5.469094806
736 -3.998925043
744 -5.202275325
752 -4.155360297
760 -4.161651485
768 -2.507144367
776 -4.735798173
784 -4.661257728
792 -5.707805091
800 -4.506623065
808 -6.22312231
816 -5.494688448
824 -5.92449011
832 -4.171850605
840 -6.282730964
848 -5.864912804
856 -6.658794588
864 -5.0083541
872 -6.506398976
880 -5.360747841
888 -5.455130418
896 -3.392503339
904 -5.815557597
912 -5.539632265
920 -6.56370573
928 -4.974269594
936 -6.760601545
944 -5.717025457
952 -6.006277297
960 -3.785458652
968 -5.992066506
976 -5.300274736
984 -5.986552109
992 -3.89160349
1000 -5.367369877
1008 -3.847415254
1016 -3.728030791
1024 -1.992477296
1032 -5.038212883
1040 -5.043985861
1048 -6.525588481
1056 -5.055728824
1064 -7.414745267
1072 -6.572843428
1080 -7.248365957
1088 -5.076773063
1096 -7.945440769
1104 -7.521984377
1112 -8.675458099
1120 -6.659274922
1128 -8.727666289
1136 -7.37536368
1144 -7.630714174
1152 -5.102324297
1160 -8.364477268
1168 -8.14859428
1176 -9.607316038
1184 -7.708313245
1192 -10.14721242
1200 -8.957092867
1208 -9.47868281
1216 -6.789882916
1224 -9.767078576
1232 -9.041340095
1240 -10.07751547
1248 -7.569602361
1256 -9.615226284
1264 -7.849106309
1272 -7.868793577
1280 -5.073000553
1288 -8.806703635
1296 -8.688964572
1304 -10.42798543
1312 -8.449125476
1320 -11.27733451
1328 -10.08755429
1336 -10.79563986
1344 -7.948647059
1352 -11.38025805
1360 -10.71163449
1368 -11.9969083
1376 -9.357115819
1384 -11.76440573
1392 -9.949940433
1400 -10.11600055
1408 -6.856845056
1416 -10.70279991
1424 -10.28434166
1432 -11.90744846
1440 -9.435863064
1448 -12.24115273
1456 -10.63467913
1464 -11.10386332
1472 -7.688313192
1480 -11.11772628
1488 -10.07614729
1496 -11.15355532
1504 -7.973867428
1512 -10.25604037
1520 -7.972651029
1528 -7.826294192
1536 -4.655762478
1544 -9.168314348
1552 -9.087564396
1560 -11.21802504
1568 -8.923961844
1576 -12.34794132
1584 -10.99628474
1592 -11.90025343
1600 -8.584760027
1608 -12.71953362
1616 -11.99246499
1624 -13.58092359
1632 -10.52340108
1640 -13.43978298
1648 -11.36398941
1656 -11.63130938
1664 -7.851725822
1672 -12.46457595
1680 -12.04398486
1688 -14.03153513
1696 -11.19317065
1704 -14.57299072
1712 -12.75802218
1720 -13.38782279
1728 -9.448879159
1736 -13.56029796
1744 -12.41686035
1752 -13.76368258
1760 -10.11370536
1768 -12.87539245
1776 -10.28241968
1784 -10.19748351
1792 -6.149967397
1800 -11.24245143
1808 -10.96017129
1816 -13.25339077
1824 -10.38948487
1832 -14.17631939
1840 -12.40950076
1848 -13.25968402
1856 -9.220124692
1864 -13.80188513
1872 -12.7583394
1880 -14.38459965
1888 -10.65637895
1896 -13.80370365
1904 -11.21012235
1912 -11.30805329
1920 -6.761356299
1928 -11.83030895
1936 -11.13499078
1944 -13.18640561
1952 -9.732757191
1960 -13.36088414
1968 -11.0758361
1976 -11.56904005
1984 -6.877326248
1992 -11.31230732
2000 -9.792473934
2008 -11.08682944
2016 -6.739069512
2024 -9.624675627
2032 -6.475556538
2040 -6.151582759
2048 -2.952769926
2056 -9.001099255
2064 -8.992509179
2072 -11.89306546
2080 -8.975921618
2088 -13.57126067
2096 -11.89797663
2104 -13.18439077
2112 -8.941780598
2120 -14.45672222
2128 -13.60955297
2136 -15.78908956
2144 -11.9032542
2152 -15.8147061
2160 -13.21768114
2168 -13.6767242
2176 -8.863230164
2184 -14.97637448
2192 -14.54253417
2200 -17.23700872
2208 -13.66764478
2216 -18.16623238
2224 -15.9307999
2232 -16.86488389
2240 -11.88517799
2248 -17.32424788
2256 -15.96792962
2264 -17.83042411
2272 -13.24302787
2280 -16.93206969
2288 -13.71675236
2296 -13.73742708
2304 -8.650118902
2312 -15.33643408
2320 -15.1055052
2328 -18.18610868
2336 -14.6399506
2344 -19.63699114
2352 -17.50490195
2360 -18.73234591
2368 -13.69056775
2376 -19.70026858
2384 -18.50355202
2392 -20.72600963
2400 -16.09865983
2408 -20.266759
2416 -17.09723985
2424 -17.36946516
2432 -11.71106287
2440 -18.32838279
2448 -17.5914519
2456 -20.35770643
2464 -16.10840762
2472 -20.88282653
2480 -18.12757006
2488 -18.91109472
2496 -13.10077248
2504 -18.89752043
2512 -17.12546047
2520 -18.93034202
2528 -13.57278898
2536 -17.39848281
2544 -13.569356
2552 -13.32589873
2560 -7.965965383
2568 -15.48170063
2576 -15.3432466
2584 -18.86979881
2592 -15.06467473
2600 -20.71291211
2608 -18.47462456
2616 -19.95411382
2624 -14.49727014
2632 -21.26912287
2640 -20.06908926
2648 -22.652756
2656 -17.65884383
2664 -22.39673466
2672 -19.01761162
2680 -19.44719026
2688 -13.31471873
2696 -20.76567129
2704 -20.08106235
2712 -23.27343867
2720 -18.70399383
2728 -24.12008681
2736 -21.20561951
2744 -22.20783251
2752 -15.91411277
2760 -22.46509607
2768 -20.64184334
2776 -22.77788373
2784 -16.98840285
2792 -21.36225688
2800 -17.265845
2808 -17.13838679
2816 -10.74229657
2824 -18.76256762
2832 -18.32284612
2840 -21.92179703
2848 -17.43816673
2856 -23.36165342
2864 -20.60375439
2872 -21.93190224
2880 -15.64429826
2888 -22.77125597
2896 -21.15355914
2904 -23.67644717
2912 -17.91013639
2920 -22.77988218
2928 -18.78357549
2936 -18.94422414
2944 -11.9500194
2952 -19.75211108
2960 -18.69404212
2968 -21.84627339
2976 -16.56925622
2984 -22.1242794
2992 -18.64598488
3000 -19.40984214
3008 -12.28017267
3016 -19.03822152
3024 -16.74474671
3032 -18.72228049
3040 -12.15587781
3048 -16.53940724
3056 -11.80396184
3064 -11.34003114
3072 -5.437784704
3080 -14.43367174
3088 -14.32166231
3096 -18.56573341
3104 -14.09695698
3112 -20.85788558
3120 -18.25375048
3128 -20.06326912
3136 -13.64145919
3144 -21.72725128
3152 -20.35878573
3160 -23.47476159
3168 -17.61354016
3176 -23.28001589
3184 -19.33596379
3192 -19.90183523
3200 -12.6989426
3208 -21.57072533
3216 -20.81895989
3224 -24.64981383
3232 -19.30868309
3240 -25.76455968
3248 -22.3823139
3256 -23.62529473
3264 -16.2568633
3272 -24.04697253
3280 -21.95772132
3288 -24.53771077
3296 -17.77565356
3304 -22.99303836
3312 -18.2311609
3320 -18.1463239
3328 -10.67342864
3336 -20.18096162
3344 -19.72892173
3352 -24.02815358
3360 -18.82051827
3368 -25.85096296
3376 -22.67569449
3384 -24.30341689
3392 -16.9828657
3400 -25.42139999
3408 -23.5898361
3413 -37.1446658
3416 -26.61949686
3424 -19.92128197
3432 -25.70428039
3440 -21.08709123
3448 -21.34683642
3456 -13.21576556
3464 -22.43313401
3472 -21.26540227
3480 -25.03057482
3488 -18.92268957
3496 -25.50052354
3504 -21.50245217
3512 -22.47113274
3520 -14.20323356
3528 -22.1849816
3536 -19.57871366
3544 -21.96758913
3552 -14.36882145
3560 -19.57021739
3568 -14.11606066
3576 -13.65428229
3584 -6.022637854
3592 -16.32418367
3600 -16.00260868
3608 -20.75069759
3616 -15.35686329
3624 -23.02199459
3632 -19.79860108
3640 -21.70156455
3648 -14.05128562
3656 -23.22780087
3664 -21.44040384
3672 -24.84500327
3680 -17.8601749
3688 -24.2086113
3696 -19.4471322
3704 -19.89701183
3712 -11.37656344
3720 -21.40388502
3728 -20.33003502
3736 -24.53194912
3744 -18.1757085
3752 -25.38894098
3760 -21.29017008
3768 -22.50573798
3776 -13.83574144
3784 -22.55934536
3792 -19.95050487
3800 -22.69054333
3808 -14.73535525
3816 -20.48975188
3824 -14.83100141
3832 -14.52072761
3840 -5.756304456
3848 -16.39390415
3856 -15.66034822
3864 -20.33958706
3872 -14.188006
3880 -21.96699551
3888 -18.1327247
3896 -19.75933091
3904 -11.21846794
3912 -20.57436926
3920 -18.27040912
3928 -21.47716231
3936 -13.6611504
3944 -19.98162189
3952 -14.52942201
3960 -14.59658517
3968 -5.171084135
3976 -15.35890526
3984 -13.81044531
3992 -17.82625056
4000 -10.70754321
4008 -17.8865748
4016 -13.15149883
4024 -14.00889766
4032 -4.472355545
4040 -13.21467517
4048 -10.05186407
4056 -12.49935087
4064 -3.735455081
4072 -9.336883609
4080 -2.987521413
4088 -2.237952011
4095 0
