# x y  (written by maestro2tex)
0 0
8 -6.30108891
16 -6.301003234
24 -9.479318045
32 -6.300697319
40 -11.16484646
48 -9.478609587
56 -11.01726036
64 -6.299490997
72 -12.01379181
80 -11.16288979
88 -13.57567986
96 -9.475836282
104 -13.57441103
112 -11.01343997
120 -11.71236885
128 -6.294675054
136 -12.43546219
144 -12.00744941
152 -14.86650372
160 -11.15511372
168 -15.73531212
176 -13.56611454
184 -14.70653612
192 -9.464772918
200 -14.85949018
208 -13.56106249
216 -15.57040098
224 -10.99823543
232 -14.69826689
240 -11.69483969
248 -11.96890024
256 -6.275421038
264 -12.62857456
272 -12.41280686
280 -15.49643306
288 -11.98213137
296 -16.80655427
304 -14.83776232
312 -16.20444438
320 -11.12404251
328 -16.79816551
336 -15.70000203
344 -17.95669279
352 -13.52793519
360 -17.50962699
368 -14.66451979
376 -15.15666901
384 -9.420550208
392 -15.46509653
400 -14.80975392
408 -17.49439107
416 -13.50774716
424 -17.93071427
432 -15.51217307
440 -16.44306819
448 -10.9374786
456 -16.15823345
464 -14.63149591
472 -16.43086567
480 -11.62483886
488 -15.11656609
496 -11.89409162
504 -11.95387241
512 -6.198449448
520 -12.6536723
528 -12.54316381
536 -15.73689025
544 -12.32228105
552 -17.26622431
560 -15.39857806
568 -16.87800346
576 -11.88094509
584 -17.69284717
592 -16.69623188
600 -19.076824
608 -14.72294276
616 -18.84553021
624 -16.0825119
632 -16.68563934
640 -10.9998619
648 -17.21770663
656 -16.6627227
664 -19.48924324
672 -15.5589302
680 -20.15251822
688 -17.80672391
696 -18.85891189
704 -13.37538101
712 -18.79132828
720 -17.34588641
728 -19.2852306
736 -14.4966891
744 -18.16342624
752 -14.98107555
760 -15.14505595
768 -9.243839527
776 -15.60568091
784 -15.27342034
792 -18.29603495
800 -14.61106786
808 -19.39875418
816 -17.2841371
824 -18.55436296
832 -13.29475216
840 -18.92971681
848 -17.70299326
856 -19.86965515
864 -15.27961458
872 -19.18712372
880 -16.20057486
888 -16.58241296
896 -10.69477417
904 -16.67060166
912 -15.89799876
920 -18.48340209
928 -14.36483328
936 -18.69263163
944 -16.15187364
952 -16.97161844
960 -11.345269
968 -16.46076677
976 -14.82099672
984 -16.50733318
992 -11.59539032
1000 -14.97037759
1008 -11.64569714
1016 -11.59649524
1024 -5.891041269
1032 -12.38286039
1040 -12.32263563
1048 -15.56294524
1056 -12.20213366
1064 -17.19384145
1072 -15.37817334
1080 -16.90897221
1088 -11.96083642
1096 -17.82778086
1104 -16.88185229
1112 -19.31760463
1120 -15.00795677
1128 -19.19058169
1136 -16.47259082
1144 -17.1284122
1152 -11.47699904
1160 -17.76675881
1168 -17.26144427
1176 -20.15140545
1184 -16.25591285
1192 -20.92348113
1200 -18.61778291
1208 -19.72722458
1216 -14.26468994
1224 -19.76529394
1232 -18.36246631
1240 -20.36662485
1248 -15.59597156
1256 -19.34133307
1264 -16.18511013
1272 -16.4002349
1280 -10.50430999
1288 -16.97225316
1296 -16.68843819
1304 -19.79109428
1312 -16.12235453
1320 -21.01085747
1328 -18.92569219
1336 -20.26056865
1344 -14.99613842
1352 -20.74813259
1360 -19.55890947
1365 -29.0532357
1368 -21.8037615
1376 -17.20856338
1384 -21.2183423
1392 -18.24316868
1400 -18.67988038
1408 -12.7668972
1416 -18.87871756
1424 -18.1465433
1432 -20.82173647
1440 -16.69293105
1448 -21.1401652
1456 -18.60976318
1464 -19.49256603
1472 -13.82746037
1480 -19.08046147
1488 -17.46328901
1496 -19.22914358
1504 -14.2810293
1512 -17.76728015
1520 -14.43011661
1528 -14.42708686
1536 -8.539296566
1544 -15.02874115
1552 -14.85546229
1560 -18.03093398
1568 -14.50941191
1576 -19.45637886
1584 -17.50129285
1592 -18.93486366
1600 -13.81919467
1608 -19.63657197
1616 -18.5655322
1624 -20.90767036
1632 -16.44634588
1640 -20.54711071
1648 -17.69380253
1656 -18.23851719
1664 -12.44605503
1672 -18.65424987
1680 -18.03220115
1688 -20.81643742
1696 -16.79584595
1704 -21.35743747
1712 -18.93295482
1720 -19.92748123
1728 -14.35327406
1736 -19.73481537
1744 -18.21960724
1752 -20.10390833
1760 -15.23486107
1768 -18.85216111
1776 -15.59774189
1784 -15.70026865
1792 -9.728201397
1800 -16.04143169
1808 -15.6472265
1816 -18.61084936
1824 -14.86190601
1832 -19.58867968
1840 -17.41188026
1848 -18.619035
1856 -13.30326063
1864 -18.86894522
1872 -17.58208917
1880 -19.68158853
1888 -15.04147127
1896 -18.8755707
1904 -15.83746651
1912 -16.15696157
1920 -10.23258242
1928 -16.12091867
1936 -15.29095381
1944 -17.80116643
1952 -13.64494868
1960 -17.88485784
1968 -15.29973055
1976 -16.0534522
1984 -10.40696617
1992 -15.42302798
2000 -13.73622098
2008 -15.34835231
2016 -10.41982562
2024 -13.70447718
2032 -10.35307068
2040 -10.2470332
2048 -4.66814383
2056 -11.125863
2064 -11.08601964
2072 -14.32068312
2080 -11.00623534
2088 -15.97887136
2096 -14.19825143
2104 -15.73870542
2112 -10.84620248
2120 -16.6900414
2128 -15.77180772
2136 -18.21143874
2144 -13.95232395
2152 -18.12692493
2160 -15.44858798
2168 -16.12160619
2176 -10.52422672
2184 -16.79436639
2192 -16.31290767
2200 -19.2064408
2208 -15.35462519
2216 -20.015745
2224 -17.74464396
2232 -18.86950875
2240 -13.456092
2248 -18.94811346
2256 -17.57363201
2264 -19.58908088
2272 -14.86236728
2280 -18.6107542
2288 -15.4902714
2296 -15.72563966
2304 -9.872617869
2312 -16.33356461
2320 -16.0714965
2328 -19.18287337
2336 -15.54866556
2344 -20.43988983
2352 -18.38343895
2360 -19.73524644
2368 -14.50801019
2376 -20.26247631
2384 -19.09801424
2392 -21.35770556
2400 -16.79608026
2408 -20.81629346
2416 -17.86976555
2424 -18.32660512
2432 -12.44620626
2440 -18.56575655
2448 -17.85586731
2456 -20.54727559
2464 -16.44618928
2472 -20.90742327
2480 -18.40172759
2488 -19.30445775
2496 -13.66612097
2504 -18.93438071
2512 -17.33944379
2520 -19.124857
2528 -14.20026392
2536 -17.70537587
2544 -14.38982223
2552 -14.40705295
2560 -8.53915813
2568 -15.04898775
2576 -14.89605064
2584 -18.09314178
2592 -14.59054402
2600 -19.56115663
2608 -17.62542444
2616 -19.08095067
2624 -13.9808692
2632 -19.82554967
2640 -18.77403812
2648 -21.14040665
2656 -16.69306973
2664 -20.82156747
2672 -17.98380581
2680 -18.55004277
2688 -12.76667618
2696 -19.00915714
2704 -18.40645679
2712 -21.21848312
2720 -17.20831179
2728 -21.80348954
2736 -19.39278162
2744 -20.41089457
2752 -14.84027147
2760 -20.26029018
2768 -18.76062104
2776 -20.67225025
2784 -15.80595186
2792 -19.45760692
2800 -16.21050535
2808 -16.33319368
2816 -10.35839651
2824 -16.71918324
2832 -16.34371348
2840 -19.3414974
2848 -15.59556211
2856 -20.36629157
2864 -18.19897044
2872 -19.43252767
2880 -14.11007519
2888 -19.72674157
2896 -18.45329967
2904 -20.58521499
2912 -15.93874035
2920 -19.81627587
2928 -16.77962225
2936 -17.12060602
2944 -11.18116445
2952 -17.12786254
2960 -16.3127583
2968 -18.86008273
2976 -14.69594115
2984 -18.98609403
2992 -16.40235967
3000 -17.18099456
3008 -11.51429699
3016 -16.58815503
3024 -14.90833331
3032 -16.55248502
3040 -11.60527521
3048 -14.93574528
3056 -11.57616997
3064 -11.48753493
3072 -5.755284154
3080 -12.19290247
3088 -12.09284563
3096 -15.28352033
3104 -11.89281981
3112 -16.8268601
3120 -14.97711571
3128 -16.46127633
3136 -11.49301786
3144 -17.29295555
3152 -16.3104599
3160 -18.6928213
3168 -14.36488174
3176 -18.48317024
3184 -15.74032087
3192 -16.35196784
3200 -10.69429739
3208 -16.90192838
3216 -16.35904343
3224 -19.18712407
3232 -15.27918824
3240 -19.86922673
3248 -17.54096325
3256 -18.60070732
3264 -13.14249717
3272 -18.5537853
3280 -17.1226624
3288 -19.0674277
3296 -14.30133264
3304 -17.96927559
3312 -14.80497204
3320 -14.97889667
3328 -9.100231177
3336 -15.45814499
3344 -15.13678683
3352 -18.1634387
3360 -14.49609493
3368 -19.28473095
3376 -17.18454464
3384 -18.46288116
3392 -13.22253512
3400 -18.85826018
3408 -17.64392288
3416 -19.81764607
3424 -15.2447347
3432 -19.15701386
3440 -16.18484099
3448 -16.57643313
3456 -10.70587448
3464 -16.68499786
3472 -15.92346461
3480 -18.51652489
3488 -14.41210002
3496 -18.74634043
3504 -16.21792686
3512 -17.04723746
3520 -11.43482944
3528 -16.55731249
3536 -14.92858241
3544 -16.62421577
3552 -11.72434599
3560 -15.10816429
3568 -11.79429846
3576 -11.75482316
3584 -5.925474971
3592 -12.25250434
3600 -12.04274932
3608 -15.11647158
3616 -11.62404846
3624 -16.43019289
3632 -14.47611558
3640 -15.84161553
3648 -10.78971085
3656 -16.44215753
3664 -15.35430872
3672 -17.60576148
3680 -13.20246359
3688 -17.17102064
3696 -14.34416535
3704 -14.83945729
3712 -9.132947833
3720 -15.15576484
3728 -14.50839238
3736 -17.18645134
3744 -13.2221306
3752 -17.6310548
3760 -15.22818059
3768 -16.16043971
3776 -10.68259122
3784 -15.88660978
3792 -14.37134762
3800 -16.16854236
3808 -11.38701526
3816 -14.86976517
3824 -11.66529226
3832 -11.73002466
3840 -5.865667886
3848 -11.96787709
3856 -11.54515783
3864 -14.387616
3872 -10.70332843
3880 -15.2553011
3888 -13.1033235
3896 -14.23897037
3904 -9.033685772
3912 -14.39515612
3920 -13.10790193
3928 -15.10667501
3936 -10.56692352
3944 -14.2452642
3952 -11.26419584
3960 -11.53935344
3968 -5.748718711
3976 -11.41419693
3984 -10.57190479
3992 -12.96484049
4000 -8.901828891
4008 -12.96565009
4016 -10.42856959
4024 -11.12304281
4032 -5.617852396
4040 -10.42962289
4048 -8.762207093
4056 -10.28494017
4064 -5.483860751
4072 -8.621021147
4080 -5.34943816
4088 -5.215262102
4095 -4.815983603
