# x y  (written by maestro2tex)
0 0
8 -0.0007540480689
16 -0.002411923292
24 -0.03479766218
32 -0.007397388019
40 -0.09059285277
48 -0.07344839748
56 -0.1199440044
64 -0.02070655484
72 -0.1965042569
80 -0.1881601283
88 -0.294706742
96 -0.1557342724
104 -0.347846626
112 -0.2501713068
120 -0.3000231294
128 -0.05392275292
136 -0.410393497
144 -0.4063962313
152 -0.6107861642
160 -0.3914083496
168 -0.7359591786
176 -0.6057432064
184 -0.7186330637
192 -0.3298843656
200 -0.8004667768
208 -0.7150570221
216 -0.9236447579
224 -0.5215359185
232 -0.90226688
240 -0.6225748891
248 -0.6671875653
256 -0.1325077002
264 -0.8478999053
272 -0.8458833214
280 -1.234511954
288 -0.8392518215
296 -1.467535576
304 -1.248821424
312 -1.458546486
320 -0.8118557263
328 -1.621861818
336 -1.501319157
344 -1.863544768
352 -1.242326689
360 -1.877394277
368 -1.46890301
376 -1.574178554
384 -0.6932971351
392 -1.713972537
400 -1.634299753
408 -2.129414666
416 -1.464537375
424 -2.287974158
432 -1.882009015
440 -2.086098552
448 -1.079426051
456 -2.109174977
464 -1.840614806
472 -2.22922622
480 -1.282427585
488 -2.02505837
496 -1.372002315
504 -1.400488113
512 -0.303892268
520 -1.734865448
528 -1.733149272
536 -2.483878911
544 -1.729239874
552 -2.913227623
560 -2.50552279
568 -2.893666556
576 -1.715915142
584 -3.182091244
592 -2.970627581
600 -3.614358462
608 -2.533469171
616 -3.644242979
624 -2.951920956
632 -3.145805611
640 -1.659752152
648 -3.39351984
656 -3.276770627
664 -4.111658017
672 -3.03522519
680 -4.398098792
688 -3.757649223
696 -4.107594292
704 -2.516029319
712 -4.183523191
720 -3.782961059
728 -4.421192092
736 -2.965967449
744 -4.155450865
752 -3.174733413
760 -3.254685044
768 -1.414071874
776 -3.528419656
784 -3.450141742
792 -4.500447012
800 -3.289164018
808 -4.966129857
816 -4.275518529
824 -4.757605695
832 -2.945998498
840 -4.987145484
848 -4.587315229
856 -5.415526938
864 -3.774444552
872 -5.256289126
880 -4.17913201
888 -4.354819929
896 -2.166945697
904 -4.483838762
912 -4.219043531
920 -5.264161407
928 -3.679869938
936 -5.432858501
944 -4.451990896
952 -4.815762814
960 -2.559112436
968 -4.685499416
976 -4.037204438
984 -4.771131517
992 -2.730374492
1000 -4.184489001
1008 -2.783265639
1016 -2.776217531
1024 -0.587230444
1032 -3.441638948
1040 -3.437220368
1048 -4.904801356
1056 -3.428884608
1064 -5.712794994
1072 -4.921176878
1080 -5.655682348
1088 -3.410679022
1096 -6.170850156
1104 -5.766303231
1112 -6.956229319
1120 -4.947493043
1128 -6.987592362
1136 -5.715517074
1144 -6.068091649
1152 -3.360730763
1160 -6.488408362
1168 -6.277375785
1176 -7.762951323
1184 -5.849091767
1192 -8.254291786
1200 -7.125393138
1208 -7.737318698
1216 -4.963635269
1224 -7.860122084
1232 -7.170100455
1240 -8.269302345
1248 -5.782770504
1256 -7.818211487
1264 -6.16146548
1272 -6.309167265
1280 -3.191392656
1288 -6.756550126
1296 -6.637517463
1304 -8.396876388
1312 -6.396188623
1320 -9.179880841
1328 -8.050445281
1336 -8.852375035
1344 -5.896859309
1352 -9.240963109
1360 -8.601824668
1368 -9.955027203
1376 -7.316579173
1384 -9.718224384
1392 -8.003615458
1400 -8.302738175
1408 -4.823601403
1416 -8.533857974
1424 -8.133117539
1432 -9.805285818
1440 -7.324763785
1448 -10.10410757
1456 -8.584279149
1464 -9.175147681
1472 -5.676066263
1480 -9.014171905
1488 -8.031965127
1496 -9.194037172
1504 -6.068417443
1512 -8.340249558
1520 -6.215770611
1528 -6.238116899
1536 -2.537828745
1544 -6.815668327
1552 -6.731863467
1560 -8.871545746
1568 -6.562847783
1576 -9.9132816
1584 -8.638638227
1592 -9.648017434
1600 -6.215282571
1608 -10.22748586
1616 -9.536111763
1624 -11.19803687
1632 -8.148407103
1640 -11.04842615
1648 -9.092524492
1656 -9.513562979
1664 -5.474933912
1672 -9.919560057
1680 -9.51710925
1688 -11.55921778
1696 -8.706597715
1704 -12.0544885
1712 -10.33670565
1720 -11.10693179
1728 -7.058797902
1736 -11.06698159
1744 -9.986575779
1752 -11.43248163
1760 -7.829683709
1768 -10.58399428
1776 -8.161994424
1784 -8.268438925
1792 -3.796179687
1800 -8.650224958
1808 -8.380052202
1816 -10.70426326
1824 -7.835700956
1832 -11.55444539
1840 -9.892361354
1848 -10.87888033
1856 -6.727262579
1864 -11.17164813
1872 -10.18777884
1880 -11.90663546
1888 -8.221143129
1896 -11.3473455
1904 -8.923560456
1912 -9.213310612
1920 -4.423306116
1928 -9.27368313
1936 -8.621971621
1944 -10.73028541
1952 -7.314603194
1960 -10.87959647
1968 -8.749533113
1976 -9.411922689
1984 -4.679243377
1992 -8.949538181
2000 -7.541500616
2008 -8.94349283
2016 -4.740622296
2024 -7.584934739
2032 -4.705002445
2040 -4.622150003
2048 -0.3029559582
2056 -5.955060048
2064 -5.937642355
2072 -8.809265538
2080 -5.903671218
2088 -10.34381323
2096 -8.78687046
2104 -10.19344192
2112 -5.835535944
2120 -11.13016501
2128 -10.33381735
2136 -12.58574295
2144 -8.738940046
2152 -12.5924232
2160 -10.16709794
2168 -10.81778908
2176 -5.691495607
2184 -11.54125235
2192 -11.12835446
2200 -13.87441865
2208 -10.29860156
2216 -14.73052159
2224 -12.62504566
2232 -13.73228283
2240 -8.619168349
2248 -13.90400388
2256 -12.6260649
2264 -14.60742185
2272 -10.07916884
2280 -13.74863048
2288 -10.74693507
2296 -11.00555054
2304 -5.356208103
2312 -11.73373973
2320 -11.50991806
2328 -14.62910293
2336 -11.05990899
2344 -15.97674957
2352 -13.9641715
2360 -15.36333787
2368 -10.14666701
2376 -16.00071013
2384 -14.86598201
2392 -17.21181073
2400 -12.60121117
2408 -16.7612118
2416 -13.77650146
2424 -14.28539737
2432 -8.259278177
2440 -14.64260943
2448 -13.94440511
2456 -16.79941958
2464 -12.54560203
2472 -17.27875273
2480 -14.6800498
2488 -15.67619545
2496 -9.733275386
2504 -15.37853137
2512 -13.71384589
2520 -15.66659781
2528 -10.40702192
2536 -14.21960322
2544 -10.6621608
2552 -10.70477628
2560 -4.462204713
2568 -11.5933054
2576 -11.45614893
2584 -15.0049574
2592 -11.18089624
2600 -16.7158039
2608 -14.60991355
2616 -16.26941662
2624 -10.62270661
2632 -17.20381047
2640 -16.06761016
2648 -18.77918843
2656 -13.79969017
2664 -18.52082183
2672 -15.33852637
2680 -16.02253617
2688 -9.468411704
2696 -16.66172809
2704 -16.01121094
2712 -19.30117841
2720 -14.70778715
2728 -20.0859926
2736 -17.32789267
2744 -18.56095777
2752 -12.086752
2760 -18.48945132
2768 -16.76797562
2776 -19.06994184
2784 -13.34799958
2792 -17.72305348
2800 -13.89190257
2808 -14.06912388
2816 -6.991554923
2824 -14.6591099
2832 -14.24179546
2840 -17.9025485
2848 -13.4045328
2856 -19.24130523
2864 -16.64371093
2872 -18.191786
2880 -11.71565843
2888 -18.65355262
2896 -17.12768348
2904 -19.80548257
2912 -14.0908283
2920 -18.94674432
2928 -15.20251274
2936 -15.66166923
2944 -8.271748885
2952 -15.76755844
2960 -14.77587179
2968 -18.02962863
2976 -12.79423753
2984 -18.27630371
2992 -15.02388991
3000 -16.0506135
3008 -8.832534787
3016 -15.36911108
3024 -13.23809431
3032 -15.38868899
3040 -9.015559175
3048 -13.35629312
3056 -9.007749093
3064 -8.905435936
3072 -1.661757542
3080 -10.10801142
3088 -9.996683317
3096 -14.22422336
3104 -9.773863285
3112 -16.33473782
3120 -13.91093303
3128 -15.91645181
3136 -9.323933256
3144 -17.11101361
3152 -15.82886497
3160 -19.06915783
3168 -13.27169936
3176 -18.87107118
3184 -15.18987725
3192 -16.05089797
3200 -8.399129435
3208 -16.8990297
3216 -16.19130416
3224 -20.10928872
3232 -14.77445776
3240 -21.14095918
3248 -17.96398717
3256 -19.47013601
3264 -11.93058266
3272 -19.49731719
3280 -17.53826355
3288 -20.2976752
3296 -13.64898402
3304 -18.83806209
3312 -14.40990922
3320 -14.68118463
3328 -6.434714295
3336 -15.48133885
3344 -15.05468759
3352 -19.40630764
3360 -14.19937081
3368 -21.09863912
3376 -18.12087621
3384 -19.99889848
3392 -12.47686775
3400 -20.66442017
3408 -18.94333531
3413 -32.54624269
3416 -22.14405558
3424 -15.5201942
3432 -21.27021838
3440 -16.95549724
3448 -17.56108548
3456 -8.975573749
3464 -17.8147978
3472 -16.7228617
3480 -20.59868698
3488 -14.54229716
3496 -21.02488128
3504 -17.29043951
3512 -18.56211741
3520 -10.18883652
3528 -17.90508379
3536 -15.48436198
3544 -18.07133328
3552 -10.69069697
3560 -15.83923347
3568 -10.82772468
3576 -10.78159765
3584 -2.01142382
3592 -11.69289354
3600 -11.39083068
3608 -16.13382757
3616 -10.78544813
3624 -18.22378671
3632 -15.23272984
3640 -17.37556827
3648 -9.565646882
3656 -18.38529608
3664 -16.72053667
3672 -20.27178019
3680 -13.4071642
3688 -19.66512277
3696 -15.24789331
3704 -16.05325101
3712 -7.082232467
3720 -16.63751483
3728 -15.63849184
3736 -19.92755484
3744 -13.64226343
3752 -20.7128705
3760 -16.89975682
3768 -18.42365316
3776 -9.651805746
3784 -18.05571752
3792 -15.63830322
3800 -18.57276024
3808 -10.84810133
3816 -16.52552355
3824 -11.32989145
3832 -11.44914779
3840 -1.923895524
3848 -11.92619615
3856 -11.24962257
3864 -15.94485649
3872 -9.895464132
3880 -17.43411665
3888 -13.89719054
3896 -15.80207481
3904 -7.178865503
3912 -16.12346485
3920 -13.99911462
3928 -17.36462088
3936 -9.781106994
3944 -15.97445158
3952 -10.9781681
3960 -11.45473335
3968 -1.703042837
3976 -11.29728679
3984 -9.882708725
3992 -13.96431566
4000 -7.062487134
4008 -14.00887779
4016 -9.686792796
4024 -10.88713733
4032 -1.451358766
4040 -9.729283932
4048 -6.864147202
4056 -9.499961911
4064 -1.198165545
4072 -6.634548386
4080 -0.9500188392
4088 -0.707131872
4095 0
