# x y  (written by maestro2tex)
0 0
8 -0.08256256924
16 -0.1632453677
24 -0.2516710048
32 -0.3260568706
40 -0.448470744
48 -0.5035889544
56 -0.5683482322
64 -0.6545675117
72 -0.8348293052
80 -0.8987697081
88 -0.9903832332
96 -1.011737611
104 -1.168844524
112 -1.143205838
120 -1.14672392
128 -1.317276474
136 -1.608183948
144 -1.676461495
152 -1.800458601
160 -1.806366389
168 -2.044194732
176 -1.990803968
184 -1.994976794
192 -2.036273832
200 -2.363004148
208 -2.350334071
216 -2.412976027
224 -2.302300251
232 -2.509459908
240 -2.311757494
248 -2.189651303
256 -2.653028635
264 -3.162623452
272 -3.23288212
280 -3.410862063
288 -3.370869243
296 -3.751023754
304 -3.619424587
312 -3.597754744
320 -3.633392918
328 -4.151070862
336 -4.108166561
344 -4.193929495
352 -4.003957076
360 -4.32293989
368 -4.013979563
376 -3.833687916
384 -4.097975111
392 -4.756228074
400 -4.749612001
408 -4.899089168
416 -4.725940935
424 -5.157176541
432 -4.851950938
440 -4.703750114
448 -4.632998484
456 -5.230304475
464 -5.046521265
472 -5.036404703
480 -4.653898004
488 -4.954485536
496 -4.411508353
504 -4.039791028
512 -5.335433928
520 -6.280563926
528 -6.35116266
536 -6.631380543
544 -6.491824976
552 -7.146480022
560 -6.846863599
568 -6.759693551
576 -6.767779276
584 -7.648553098
592 -7.525521356
600 -7.63504467
608 -7.26350918
616 -7.778693374
624 -7.220239067
632 -6.893427947
640 -7.291575961
648 -8.361816644
656 -8.323105985
664 -8.545603556
672 -8.237338488
680 -8.915553733
688 -8.4076892
696 -8.161980563
704 -8.028646894
712 -8.960958067
720 -8.663664413
728 -8.645508814
736 -8.046861726
744 -8.512687409
752 -7.686126311
760 -7.134741369
768 -8.212592947
776 -9.528620432
784 -9.523601298
792 -9.829876689
800 -9.509063122
808 -10.35913706
816 -9.805286562
824 -9.564687876
832 -9.458679219
840 -10.61251641
848 -10.3164689
856 -10.35254278
864 -9.705794636
872 -10.31497918
880 -9.407661929
888 -8.828827012
896 -9.265001168
904 -10.63211623
912 -10.45333559
920 -10.63114248
928 -10.08415684
936 -10.88329799
944 -10.06065357
952 -9.593402325
960 -9.29523412
968 -10.42244473
976 -9.891040405
984 -9.728972312
992 -8.804702834
1000 -9.289148598
1008 -8.059142121
1016 -7.190686752
1024 -10.63796433
1032 -12.45038494
1040 -12.51849723
1048 -12.99821766
1056 -12.65512741
1064 -13.85127924
1072 -13.20896926
1080 -12.9821989
1088 -12.9267328
1096 -14.52131857
1104 -14.22699327
1112 -14.37080995
1120 -13.624376
1128 -14.51585822
1136 -13.44445633
1144 -12.80821386
1152 -13.45678267
1160 -15.32914131
1168 -15.20712322
1176 -15.55344827
1184 -14.95593031
1192 -16.10230579
1200 -15.16738244
1208 -14.70136672
1216 -14.42103565
1224 -15.99181476
1232 -15.44111143
1240 -15.37628297
1248 -14.32052579
1256 -15.0821816
1264 -13.66060247
1272 -12.71731268
1280 -14.45063579
1288 -16.61741428
1296 -16.57674409
1304 -17.05583925
1312 -16.49192045
1320 -17.86082412
1328 -16.92651362
1336 -16.51444673
1344 -16.30487973
1352 -18.15049232
1360 -17.64780049
1368 -17.68773405
1376 -16.62627992
1384 -17.58455268
1392 -16.12585314
1400 -15.20338132
1408 -15.8537054
1416 -17.99832751
1424 -17.70213584
1432 -17.97272053
1440 -17.09959368
1448 -18.33792949
1456 -17.05177989
1464 -16.33015173
1472 -15.84944559
1480 -17.58583494
1488 -16.7661981
1496 -16.52398582
1504 -15.10714921
1512 -15.85522844
1520 -13.99468787
1528 -12.69943192
1536 -16.13854499
1544 -18.75953856
1552 -18.74938678
1560 -19.35546821
1568 -18.72756186
1576 -20.39369116
1584 -19.32400902
1592 -18.87416644
1600 -18.67410928
1608 -20.90572697
1616 -20.35415026
1624 -20.44509563
1632 -19.23689877
1640 -20.41735527
1648 -18.74153366
1656 -17.70148426
1664 -18.52146897
1672 -21.1035666
1680 -20.80561404
1688 -21.17720704
1696 -20.20128704
1704 -21.71420716
1712 -20.25603991
1720 -19.46576065
1728 -18.95467591
1736 -21.05451183
1744 -20.1512068
1752 -19.92996922
1760 -18.32710217
1768 -19.26978802
1776 -17.15451437
1784 -15.70816597
1792 -18.01649247
1800 -20.90622723
1808 -20.72229022
1816 -21.25021637
1824 -20.34929908
1832 -22.10385963
1840 -20.6833614
1848 -19.97555868
1856 -19.57916594
1864 -21.97188682
1872 -21.15078877
1880 -21.06081516
1888 -19.49321046
1896 -20.65529245
1904 -18.53992111
1912 -17.1444064
1920 -17.93426064
1928 -20.6916774
1936 -20.15791203
1944 -20.37287707
1952 -19.07958581
1960 -20.59343794
1968 -18.73289207
1976 -17.6153848
1984 -16.87508594
1992 -19.04314677
2000 -17.81589623
2008 -17.34013116
2016 -15.34418512
2024 -16.18508918
2032 -13.58821954
2040 -11.72429672
2048 -20.41928363
2056 -23.94751667
2064 -24.00354622
2072 -24.86873085
2080 -24.11640053
2088 -26.37731494
2096 -25.0439856
2104 -24.5257285
2112 -24.34171372
2120 -27.341558
2128 -26.69535906
2136 -26.89139318
2144 -25.39143768
2152 -27.01422682
2160 -24.90954492
2168 -23.63975146
2176 -24.78446429
2184 -28.23233601
2192 -27.92932628
2200 -28.50110246
2208 -27.31707821
2216 -29.37211101
2224 -27.57111202
2232 -26.64436631
2240 -26.0635823
2248 -28.87891934
2256 -27.80546628
2264 -27.62275367
2272 -25.64423684
2280 -26.96722721
2288 -24.34280211
2296 -22.59395682
2304 -25.62423085
2312 -29.45156779
2320 -29.31685542
2328 -30.10898636
2336 -29.04450287
2344 -31.41160128
2352 -29.6971516
2360 -28.91257033
2368 -28.48431712
2376 -31.66821637
2384 -30.72841509
2392 -30.74102123
2400 -28.83623797
2408 -30.45024862
2416 -27.86952523
2424 -26.22885119
2432 -27.29446056
2440 -30.94088599
2448 -30.38076192
2456 -30.79507528
2464 -29.25191349
2472 -31.31840809
2480 -29.08147615
2488 -27.81403692
2496 -26.95483799
2504 -29.85302276
2512 -28.42800888
2520 -27.98243172
2528 -25.56451777
2536 -26.78790483
2544 -23.64371555
2552 -21.45769454
2560 -27.08907703
2568 -31.41371445
2576 -31.35557521
2584 -32.3201646
2592 -31.23818511
2600 -33.94851577
2608 -32.14486222
2616 -31.36895891
2624 -30.99502639
2632 -34.61303975
2640 -33.6701932
2648 -33.78133926
2656 -31.77333146
2664 -33.65860455
2672 -30.9046229
2680 -29.19280067
2688 -30.46854125
2696 -34.60513618
2704 -34.08867862
2712 -34.65364715
2720 -33.04854714
2728 -35.44246394
2736 -33.07599837
2744 -31.78751034
2752 -30.93481567
2760 -34.25233423
2768 -32.78692887
2776 -32.41206826
2784 -29.844186
2792 -31.31597556
2800 -27.95552289
2808 -25.66413201
2816 -29.23899765
2824 -33.76126887
2832 -33.44684243
2840 -34.25287756
2848 -32.8135564
2856 -35.53355738
2864 -33.29383404
2872 -32.17526865
2880 -31.52531175
2888 -35.2232101
2896 -33.92749848
2904 -33.77242684
2912 -31.32481328
2920 -33.10619501
2928 -29.83030736
2936 -27.67708806
2944 -28.85373061
2952 -33.07681699
2960 -32.24262533
2968 -32.56253456
2976 -30.56531817
2984 -32.86867784
2992 -30.02070017
3000 -28.31774094
3008 -27.16995193
3016 -30.46007569
3024 -28.59156853
3032 -27.87248751
3040 -24.84434353
3048 -26.11994485
3056 -22.20488862
3064 -19.41091522
3072 -29.04249943
3080 -34.21798712
3088 -34.18144744
3096 -35.34950689
3104 -34.10812563
3112 -37.35391422
3120 -35.24207547
3128 -34.3412139
3136 -33.95672664
3144 -38.27859063
3152 -37.19371486
3160 -37.34909445
3168 -35.01423786
3176 -37.2763493
3184 -34.04793191
3192 -32.04640285
3200 -33.62778064
3208 -38.55657871
3216 -37.98325496
3224 -38.68051224
3232 -36.83036759
3240 -39.69220348
3248 -36.93408557
3256 -35.44310111
3264 -34.49499255
3272 -38.4476032
3280 -36.75936168
3288 -36.35163578
3296 -33.37327719
3304 -35.14677997
3312 -31.22933431
3320 -28.56791908
3328 -32.85137559
3336 -38.21873999
3344 -37.8936295
3352 -38.88213559
3360 -37.23981607
3365 -45.08719876
3368 -40.4810502
3376 -37.89332534
3384 -36.62076568
3392 -35.91379496
3400 -40.30325713
3408 -38.82929467
3416 -38.69219762
3424 -35.8719662
3432 -38.00995957
3440 -34.21731053
3448 -31.7413354
3456 -33.17983633
3464 -38.18095618
3472 -37.25540161
3480 -37.68129938
3488 -35.39651977
3496 -38.14650026
3504 -34.86689461
3512 -32.92904908
3520 -31.64241869
3528 -35.54736196
3536 -33.41902869
3544 -32.63661251
3552 -29.15511045
3560 -30.70608045
3568 -26.19326579
3576 -22.99427218
3584 -30.78785232
3592 -36.63841723
3600 -36.42081662
3608 -37.59090443
3616 -35.98367484
3624 -39.56601072
3632 -36.93164481
3640 -35.68884591
3648 -35.0974033
3656 -39.91431837
3664 -38.47373782
3672 -38.45091792
3680 -35.58389879
3688 -37.99836547
3696 -34.07914485
3704 -31.55867904
3712 -33.26966311
3720 -38.75448734
3728 -37.9056665
3736 -38.49622375
3744 -36.20124846
3752 -39.28286727
3760 -35.91648359
3768 -33.98172856
3776 -32.76015314
3784 -37.08490945
3792 -34.95326178
3800 -34.26100952
3808 -30.68334103
3816 -32.4933346
3824 -27.80941234
3832 -24.53327695
3840 -29.37716246
3848 -35.29332955
3856 -34.7256369
3864 -35.62099696
3872 -33.58555364
3880 -37.04979936
3888 -33.89653554
3896 -32.2039835
3904 -31.2821352
3912 -36.04268423
3920 -34.16212696
3928 -33.75907604
3936 -30.39345301
3944 -32.57682599
3952 -28.06293595
3960 -24.99990744
3968 -26.57358545
3976 -31.99919517
3984 -30.74430242
3992 -30.9701842
4000 -28.22692705
4008 -31.08260852
4016 -27.16272567
4024 -24.70859559
4032 -23.15622839
4040 -27.30882678
4048 -24.69576779
4056 -23.54598702
4064 -19.46593236
4072 -20.94958309
4080 -15.65135561
4088 -11.77685957
4095 0
