# x y  (written by maestro2tex)
0 0.5435956871
0.5 0.543595618
1.5 0.5435954806
3.5 0.5435952076
7.5 0.5435946692
12.5 0.5435940107
17.5 0.5435933681
22.5 0.5435927406
27.5 0.5435921278
32.5 0.543591529
37.5 0.5435909437
42.5 0.5435903713
46.25 0.5435899502
50 0.5435895359
50.00000084 0.5435897005
50.00000145 0.5435898213
50.00000268 0.5435900623
50.00000514 0.5435905421
50.00001005 0.5435914938
50.0000147 0.5435923895
50.0000197 0.5435933509
50.00002546 0.5435944533
50.00003228 0.5435957584
50.00004103 0.5435974286
50.00005352 0.5435998103
50.0000785 0.5436045564
50.00010201 0.5436089998
50.00012671 0.5436136426
50.00015749 0.5436193948
50.00020013 0.5436273052
50.00025092 0.5436366358
50.00028671 0.5436431515
50.00032646 0.5436503419
50.00037161 0.5436584602
50.0004093 0.5436651986
50.00043174 0.5436691877
50.00045271 0.5436728931
50.00046999 0.5436759205
50.00048219 0.5436780351
50.00049227 0.543679765
50.00050649 0.5436821722
50.00051371 0.5436833743
50.00052106 0.5436845828
50.00052728 0.5436855927
50.00053705 0.5436871478
50.00054793 0.5436888348
50.00055499 0.5436898976
50.00056239 0.5436909749
50.000568 0.5436917563
50.00057264 0.5436923748
50.00057751 0.5436929885
50.00058253 0.5436935789
50.0005875 0.5436941157
50.00059305 0.5436946661
50.00059527 0.5436948819
50.00059782 0.5436951446
50.00060007 0.5436954038
50.00060198 0.5436956517
50.00060414 0.543695964
50.00060797 0.5436965856
50.00061082 0.5436970886
50.00061322 0.5436975288
50.00061598 0.5436980535
50.00061934 0.5436987086
50.00062315 0.5436994684
50.0006274 0.5437003311
50.0006321 0.5437012986
50.00063736 0.5437023907
50.00064329 0.5437036275
50.0006501 0.5437050515
50.00065814 0.5437067298
50.00066794 0.5437087674
50.00068036 0.5437113296
50.00069668 0.5437146478
50.00071775 0.5437188312
50.00073516 0.54372221
50.00075198 0.5437253745
50.00076795 0.5437282702
50.00078723 0.5437316149
50.00081283 0.54373579
50.00084475 0.5437406007
50.00087993 0.5437455097
50.00092129 0.54375094
50.00096065 0.5437558876
50.001 0.5437606559
50.00100702 0.5437609135
50.00101448 0.5437611864
50.00102408 0.5437615391
50.00104226 0.5437622075
50.00106296 0.5437629685
50.00109542 0.5437641609
50.00116035 0.5437665406
50.0012902 0.5437712646
50.00154341 0.5437798991
50.0018344 0.5437755505
50.00211134 0.5436486463
50.00238093 0.5431832689
50.00272455 0.5416860443
50.00305896 0.5389427758
50.00330024 0.5359773667
50.00348939 0.5331716282
50.00367189 0.5300608403
50.00391161 0.5253533356
50.00422713 0.5183631556
50.00446909 0.5124278473
50.00470335 0.5062610999
50.00498228 0.498449343
50.00531956 0.4884522075
50.00571528 0.4764460676
50.0059811 0.4690520082
50.00618992 0.4649012754
50.00641214 0.4653117665
50.00657057 0.4718969768
50.0066899 0.4829020799
50.00679079 0.498353281
50.00687896 0.5181181264
50.00696036 0.5429318068
50.00703854 0.573932323
50.00711611 0.6127796931
50.00719539 0.6619407997
50.00727817 0.7245888898
50.0073543 0.7931674589
50.00741651 0.8572803038
50.00746827 0.9162094286
50.0075152 0.9739963923
50.00756247 1.036315132
50.00761525 1.110679218
50.00768303 1.213403797
50.00775956 1.338534007
50.00783768 1.474996161
50.00790174 1.591957028
50.00795726 1.695886575
50.00801226 1.800583387
50.00807602 1.923711608
50.0081627 2.092415029
50.00823623 2.233376949
50.00827943 2.310503137
50.00832962 2.38047291
50.00836595 2.414160921
50.00840756 2.439694496
50.00845131 2.457203005
50.0084923 2.468113189
50.00854044 2.476572048
50.00859999 2.482980525
50.00867098 2.4872219
50.00875544 2.489748461
50.00885564 2.491141649
50.00897572 2.491964204
50.0091221 2.492616407
50.00930201 2.493298732
50.00952085 2.494056664
50.00978046 2.494868467
50.01008367 2.495727742
50.01044077 2.496664591
50.01087073 2.49771768
50.01140822 2.498907413
50.01211884 2.500161008
50.01300274 2.501030165
50.01360749 2.501069074
50.01420545 2.500778222
50.01474224 2.500471041
50.0153489 2.500261895
50.01655184 2.500098362
50.01746226 2.500104209
50.01836693 2.500107465
50.01962369 2.500094075
50.02073323 2.500082011
50.02213675 2.500062789
50.02348474 2.500045844
50.02487879 2.50003098
50.02637755 2.500018731
50.02800874 2.50000949
50.02984168 2.500002998
50.03194971 2.499998885
50.03454148 2.499996544
50.0378972 2.499995449
50.04083588 2.499995053
50.04294366 2.499994659
50.04467815 2.499994181
50.04626983 2.499993682
50.04784 2.499993248
50.04931262 2.499992913
50.05081452 2.49999265
50.05240643 2.499992588
50.05381767 2.499992537
50.05596043 2.49999269
50.05776552 2.49999303
50.05986568 2.499993514
50.06124838 2.499993832
50.06300134 2.499993989
50.06438609 2.499993628
50.06541802 2.499993025
50.06636179 2.499992703
50.06742034 2.499992947
50.06889855 2.499994745
50.07061452 2.50000012
50.07197549 2.500009482
50.0730163 2.500022623
50.07390024 2.500041204
50.07466984 2.500067248
50.07535476 2.500103796
50.07596122 2.500155218
50.0764735 2.500225867
50.07687465 2.500319618
50.0770516 2.500383945
50.07722735 2.500479165
50.07732286 2.500553015
50.07741303 2.500643023
50.07750415 2.500750344
50.07757582 2.500836811
50.07764995 2.500915997
50.07772704 2.500976579
50.07781889 2.501008812
50.07795761 2.500983685
50.07802092 2.500957854
50.07814755 2.500906945
50.07819523 2.500888754
50.0782437 2.500871067
50.07829245 2.500853918
50.07835375 2.500832876
50.0784044 2.500815776
50.0784614 2.500796805
50.07853503 2.500772763
50.07862617 2.500743948
50.07873854 2.500709567
50.07888064 2.500668354
50.07906849 2.500617489
50.07933675 2.500551296
50.07978385 2.500455284
50.08067804 2.500303531
50.08185869 2.500159256
50.08320823 2.500043967
50.08470917 2.499953288
50.08633723 2.49988076
50.08811797 2.499819941
50.09008857 2.499771317
50.0922981 2.499744693
50.09472578 2.499744576
50.09739265 2.499749315
50.10035265 2.499742975
50.10368976 2.499723321
50.10754244 2.499676598
50.1121217 2.499565973
50.11777034 2.49931094
50.12501069 2.49872511
50.13328916 2.497612023
50.14306527 2.495641349
50.15485189 2.492420003
50.16902112 2.487667025
50.18555331 2.481452846
50.20404097 2.47421867
50.22514205 2.466054354
50.24952759 2.457054959
50.27777874 2.447390463
50.31056108 2.437254081
50.34892798 2.426793204
50.39405605 2.416230668
50.44733838 2.405851964
50.51044818 2.395994772
50.58542538 2.387021945
50.6748791 2.379269721
50.78230086 2.372989027
50.91251247 2.368295669
51.07240899 2.365143105
51.27230094 2.363297083
51.52739935 2.362503559
51.86328867 2.362316435
52.30248523 2.362394993
52.97062802 2.362506852
54.1310931 2.362556404
56.45202327 2.362554583
60.8580404 2.3625476
65.8580404 2.362546907
70.8580404 2.362547038
75.8580404 2.362547067
80.8580404 2.362547067
85.8580404 2.362547066
90.8580404 2.362547066
95.8580404 2.362547066
100.8580404 2.362547066
105.8580404 2.362547066
110.8580404 2.362547066
115.8580404 2.362547066
120.8580404 2.362547066
125.8580404 2.362547066
130.8580404 2.362547066
135.8580404 2.362547066
140.8580404 2.362547066
145.8580404 2.362547066
150.8580404 2.362547066
155.8580404 2.362547066
160.8580404 2.362547066
165.8580404 2.362547066
170.8580404 2.362547066
175.8580404 2.362547066
180.8580404 2.362547066
185.8580404 2.362547066
190.8580404 2.362547066
195.8580404 2.362547066
200.8580404 2.362547066
205.8580404 2.362547066
210.8580404 2.362547066
215.8580404 2.362547066
220.8580404 2.362547066
225.8580404 2.362547066
230.8580404 2.362547066
235.8580404 2.362547066
240.8580404 2.362547066
245.8580404 2.362547066
250.8580404 2.362547066
255.8580404 2.362547066
260.8580404 2.362547066
265.8580404 2.362547066
270.8580404 2.362547066
275.8580404 2.362547066
280.8580404 2.362547066
285.8580404 2.362547066
290.8580404 2.362547066
295.8580404 2.362547066
300.8580404 2.362547066
305.8580404 2.362547066
310.8580404 2.362547066
315.8580404 2.362547066
320.8580404 2.362547066
325.8580404 2.362547066
330.8580404 2.362547066
335.8580404 2.362547066
340.8580404 2.362547066
345.8580404 2.362547066
350.8580404 2.362547066
355.8580404 2.362547066
360.8580404 2.362547066
365.8580404 2.362547066
370.8580404 2.362547066
375.8580404 2.362547066
380.8580404 2.362547066
385.8580404 2.362547066
390.8580404 2.362547066
395.8580404 2.362547066
400.8580404 2.362547066
405.8580404 2.362547066
410.8580404 2.362547066
415.8580404 2.362547066
420.8580404 2.362547066
425.8580404 2.362547066
430.8580404 2.362547066
435.8580404 2.362547066
440.8580404 2.362547066
445.8580404 2.362547066
450.8580404 2.362547066
455.8580404 2.362547066
460.8580404 2.362547066
465.8580404 2.362547066
470.8580404 2.362547066
475.8580404 2.362547066
480.8580404 2.362547066
485.8580404 2.362547066
490.8580404 2.362547066
495.8580404 2.362547066
500 2.362547066
