# x y  (written by maestro2tex)
0 0
8 0.003840132602
16 0.006416819516
24 0.01066307765
32 0.01028984942
40 0.01438110935
48 0.01750002694
56 0.02242014825
64 0.01545157022
72 0.01951385658
80 0.02233335694
88 0.02682711584
96 0.02725388713
104 0.03188172432
112 0.03577447406
120 0.04143513879
128 0.02050325269
136 0.0245712837
144 0.02729262305
152 0.03162263734
160 0.03157973544
168 0.03585554361
176 0.03921391665
184 0.0442636982
192 0.03869708159
200 0.04324509039
208 0.04658062488
216 0.05160981959
224 0.05297783479
232 0.05831652674
240 0.06290919496
248 0.06923985892
256 0.01968967372
264 0.02374013073
272 0.02643035584
280 0.03072834973
288 0.03046244234
296 0.03455867495
304 0.03770815697
312 0.04259428368
320 0.03619292056
328 0.04038783747
336 0.04331556795
344 0.04790288564
352 0.04858862986
360 0.05330256789
368 0.05724275552
376 0.0629343026
384 0.04466924738
392 0.04914842714
400 0.05230202301
408 0.05703004182
416 0.05749362663
424 0.06221383806
432 0.06607034629
440 0.07161138091
448 0.06731294496
456 0.07252296396
464 0.0764946754
472 0.08208260788
480 0.08416963403
488 0.09008941429
496 0.09531403198
504 0.1022286454
512 -0.004875229682
520 -0.0008848143428
528 0.001750225561
536 0.005989939459
544 0.005637169768
552 0.009683835115
560 0.01274096776
568 0.01753408602
576 0.01070670959
584 0.01467583687
592 0.01738607691
600 0.02176444164
608 0.02215830621
616 0.02665015514
624 0.03040179502
632 0.0359123221
640 0.01608957509
648 0.02019365624
656 0.02294825309
664 0.02726299468
672 0.02725818477
680 0.03152564864
688 0.03488737739
696 0.03991926889
704 0.03470750837
712 0.03928088759
720 0.04258165292
728 0.04751816192
736 0.04888853932
744 0.05416129315
752 0.05869825888
760 0.06491752735
768 0.02078857734
776 0.02518114782
784 0.02817495738
792 0.03277039711
800 0.03287946555
808 0.03729653178
816 0.04073355625
824 0.04585783761
832 0.0400439189
840 0.04458425316
848 0.04786425834
856 0.05280383159
864 0.05394500775
872 0.05906624656
880 0.06339358825
888 0.069460649
896 0.05320913869
904 0.058277743
912 0.06199491228
920 0.06726779484
928 0.06829162416
936 0.07348840133
944 0.07781750484
952 0.08380192718
960 0.08034168659
968 0.08603387616
976 0.09050606904
984 0.0965777887
992 0.09926470033
1000 0.1056989183
1008 0.1114026048
1016 0.1187633254
1023 0.1268877515
1024 -0.1008439484
1032 -0.09691673385
1040 -0.09433017194
1048 -0.09011869363
1056 -0.0905394641
1064 -0.08655463531
1072 -0.08355290172
1080 -0.07878343728
1088 -0.08575606829
1096 -0.08182455597
1104 -0.07915808642
1112 -0.07483385669
1120 -0.07454563184
1128 -0.07012991107
1136 -0.06646175069
1144 -0.06104427047
1152 -0.08156869117
1160 -0.07767007294
1168 -0.07513278612
1176 -0.07102721712
1184 -0.07126152094
1192 -0.06720134594
1200 -0.06405131337
1208 -0.05922110047
1216 -0.06480521226
1224 -0.0604639919
1232 -0.05737319119
1240 -0.0526005695
1248 -0.05143661802
1256 -0.04633815123
1264 -0.04197923214
1272 -0.03591581191
1280 -0.08289071823
1288 -0.07885488188
1296 -0.07620373585
1304 -0.07195019783
1312 -0.07222563173
1320 -0.06818796753
1328 -0.06512838178
1336 -0.06034802785
1344 -0.06667360443
1352 -0.06253948819
1360 -0.05967633003
1368 -0.05516019797
1376 -0.05449672254
1384 -0.04983817999
1392 -0.04597537035
1400 -0.04037070885
1408 -0.05785855786
1416 -0.05336873262
1424 -0.05023839777
1432 -0.04556449272
1440 -0.04517142312
1448 -0.04058259923
1456 -0.03685785722
1464 -0.0314559178
1472 -0.03567090739
1480 -0.03056240091
1488 -0.0266879365
1496 -0.02121300775
1504 -0.01918301417
1512 -0.01338588761
1520 -0.008317551652
1528 -0.001565274582
1536 -0.09642429612
1544 -0.09206475062
1552 -0.08907635237
1560 -0.08450959784
1568 -0.08454246961
1576 -0.08019651274
1584 -0.07683258154
1592 -0.07174960378
1600 -0.07811619036
1608 -0.07381810906
1616 -0.0708133096
1624 -0.06617446122
1632 -0.06550284387
1640 -0.06080530361
1648 -0.05686856877
1656 -0.05117054077
1664 -0.07003338537
1672 -0.06562370051
1680 -0.06255945084
1688 -0.05794076621
1696 -0.05761735043
1704 -0.05304062322
1712 -0.04935596426
1720 -0.0440037122
1728 -0.04867664661
1736 -0.04373040053
1744 -0.04004796564
1752 -0.03476152463
1760 -0.03302175142
1768 -0.02741180755
1776 -0.0225247483
1784 -0.01596492191
1792 -0.05612567812
1800 -0.05114202876
1808 -0.04756169252
1816 -0.04240857453
1824 -0.04171340988
1832 -0.03674062991
1840 -0.0327485874
1848 -0.02711449525
1856 -0.03227686862
1864 -0.02724280756
1872 -0.02347882202
1880 -0.01807207606
1888 -0.01642119895
1896 -0.01083261065
1904 -0.006050594756
1912 0.000436215801
1920 -0.01443846967
1928 -0.008856136295
1936 -0.004640231755
1944 0.001122278118
1952 0.002660342096
1960 0.008322127618
1968 0.01312972397
1976 0.01959406055
1984 0.01685275984
1992 0.02306964254
2000 0.02805292401
2008 0.03459459694
2016 0.03778588165
2024 0.0446609886
2032 0.05080378334
2040 0.0585821645
2048 -0.3569476371
2056 -0.3526823125
2064 -0.3497413025
2072 -0.3451784255
2080 -0.3452476471
2088 -0.3408822379
2096 -0.3375021279
2104 -0.3323515922
2112 -0.3390015337
2120 -0.3347123097
2128 -0.3316892983
2136 -0.3270112374
2144 -0.3263881764
2152 -0.3216175644
2160 -0.3175834612
2168 -0.3117876421
2176 -0.3321516286
2184 -0.3278872231
2192 -0.3249730618
2200 -0.3204744889
2208 -0.3203292024
2216 -0.3158846697
2224 -0.312356311
2232 -0.3071476594
2240 -0.3124252806
2248 -0.3077249191
2256 -0.3042585301
2264 -0.2991092978
2272 -0.297590049
2280 -0.2921275739
2288 -0.2874103999
2296 -0.2809821238
2304 -0.3285923143
2312 -0.3242820698
2320 -0.3213528984
2328 -0.3168219959
2336 -0.3168355344
2344 -0.3125308884
2352 -0.3091900779
2360 -0.3041263303
2368 -0.3102335742
2376 -0.3058381014
2384 -0.3027160676
2392 -0.2979422396
2400 -0.2970411669
2408 -0.2921373542
2416 -0.2880265959
2424 -0.282173281
2432 -0.2997108444
2440 -0.2950154672
2448 -0.2916814988
2456 -0.2868071304
2464 -0.2862112642
2472 -0.2813768365
2480 -0.2773984188
2488 -0.2717374244
2496 -0.2757654129
2504 -0.2704042466
2512 -0.26627569
2520 -0.2605382173
2528 -0.2582615286
2536 -0.2522003835
2544 -0.2468467472
2552 -0.2398033982
2560 -0.3388940463
2568 -0.3344157859
2576 -0.3312992459
2584 -0.3266002148
2592 -0.3264886786
2600 -0.3219874721
2608 -0.3184678024
2616 -0.31322049
2624 -0.3194777154
2632 -0.3150247649
2640 -0.3118603117
2648 -0.3070571661
2656 -0.3062267397
2664 -0.3013261189
2672 -0.2971720254
2680 -0.2912587543
2688 -0.3101722159
2696 -0.3055896071
2704 -0.3023550746
2712 -0.2975665798
2720 -0.297082031
2728 -0.2923389981
2736 -0.2884939973
2744 -0.2829819981
2752 -0.2875703571
2760 -0.2824845336
2768 -0.2786670076
2776 -0.2732436133
2784 -0.2713683762
2792 -0.2656124874
2800 -0.2605851887
2808 -0.2538843245
2816 -0.2951634464
2824 -0.2901241928
2832 -0.2864896296
2840 -0.2812771197
2848 -0.2805385089
2856 -0.2755181652
2864 -0.271484581
2872 -0.265807611
2880 -0.270975103
2888 -0.2658977427
2896 -0.2620936021
2904 -0.2566471515
2912 -0.2549771795
2920 -0.2493614313
2928 -0.2445547442
2936 -0.2380259262
2944 -0.2531760179
2952 -0.2475665958
2960 -0.2433101996
2968 -0.2374958098
2976 -0.2359072255
2984 -0.2301754619
2992 -0.2253037951
3000 -0.2187773328
3008 -0.2215384687
3016 -0.2152784615
3024 -0.2102579008
3032 -0.2036763781
3040 -0.2004642451
3048 -0.1935319639
3056 -0.1873231132
3064 -0.1794800764
3072 -0.3623856473
3080 -0.3572060346
3088 -0.3533899845
3096 -0.3479683659
3104 -0.3471552092
3112 -0.341948786
3120 -0.3377433034
3128 -0.3318086563
3136 -0.3375308196
3144 -0.3324269703
3152 -0.3285899301
3160 -0.3230939287
3168 -0.321600726
3176 -0.3160109506
3184 -0.3111698248
3192 -0.3045788753
3200 -0.3234566891
3208 -0.3183096759
3216 -0.3145220216
3224 -0.3091810456
3232 -0.3081739579
3240 -0.3028998472
3248 -0.2985427652
3256 -0.2925236641
3264 -0.2967942182
3272 -0.2912603062
3280 -0.2870091234
3288 -0.2811191762
3296 -0.2788144594
3304 -0.2726107245
3312 -0.2671539149
3320 -0.2600189983
3328 -0.3037966612
3336 -0.2985215177
3344 -0.2946400238
3352 -0.2891618203
3360 -0.2881864732
3368 -0.2829089472
3376 -0.2786225516
3384 -0.2726457276
3392 -0.2776493282
3400 -0.272283446
3408 -0.2681876152
3416 -0.2624406716
3424 -0.2605108331
3432 -0.2546048441
3440 -0.2495011264
3448 -0.2426639415
3456 -0.2583127944
3464 -0.2525122777
3472 -0.248072276
3480 -0.242086217
3488 -0.2403639783
3496 -0.2344708878
3504 -0.2294567042
3512 -0.2227960771
3520 -0.2256279359
3528 -0.2192665235
3536 -0.2141328599
3544 -0.2074066615
3552 -0.2040850682
3560 -0.1970192105
3568 -0.1906948642
3576 -0.1827118717
3584 -0.2661411628
3592 -0.2601847317
3600 -0.2556131763
3608 -0.2494601282
3616 -0.2479014361
3624 -0.2419991301
3632 -0.2370710347
3640 -0.2304312823
3648 -0.2351228376
3656 -0.229231499
3664 -0.2246339042
3672 -0.2184025434
3680 -0.2161041905
3688 -0.2098007725
3696 -0.2042956875
3704 -0.1970651933
3712 -0.2138908573
3720 -0.2079244172
3728 -0.2033095946
3736 -0.197146621
3744 -0.195276125
3752 -0.1891726827
3760 -0.1839603287
3768 -0.1770891714
3776 -0.1801038713
3784 -0.1736202396
3792 -0.1684020779
3800 -0.161592873
3808 -0.1583163178
3816 -0.1512244826
3824 -0.1448550157
3832 -0.136821597
3840 -0.1728670681
3848 -0.1662632112
3856 -0.1610681901
3864 -0.1543243147
3872 -0.1520178266
3880 -0.1454520609
3888 -0.1398659334
3896 -0.1326491098
3904 -0.1361210776
3912 -0.1295283749
3920 -0.1242100599
3928 -0.1172588973
3936 -0.1140335094
3944 -0.1068967541
3952 -0.1005681377
3960 -0.09256132229
3968 -0.1052481932
3976 -0.09807898362
3984 -0.09228534359
3992 -0.08494921748
4000 -0.08181462019
4008 -0.07460875346
4016 -0.06827070967
4024 -0.06029658634
4032 -0.06138926805
4040 -0.05367545659
4048 -0.04720866941
4056 -0.0392140163
4064 -0.03454931556
4072 -0.0262456695
4080 -0.01870364233
4088 -0.009577044574
4095 0
