# x y  (written by maestro2tex)
1 0.0006301235506
8 -0.0006225160356
15 0.0008877371681
22 0.000658900911
29 0.0008552888925
36 0.0002272822988
43 0.0007667196487
50 0.0006397000027
57 0.0008520163246
64 -0.01328758733
71 0.0008011512118
78 0.0007404604685
85 0.0007420019961
92 0.000486354047
99 0.0007887939925
106 0.0006864038128
113 0.0008535770468
120 -7.729500206e-05
127 0.001170900731
134 0.0006397504445
141 0.0007648760129
148 0.0002700675578
155 0.0008241020403
162 0.0005957670511
169 0.0007369129182
176 -0.001843052357
183 0.0009150273211
190 0.0009438809296
197 0.0007645320844
204 0.0004094029404
211 0.0008173637923
218 0.0007617323272
225 0.0008545422084
232 -0.0002998954125
239 0.001070383407
246 0.0009242319278
253 0.001129032814
260 0.0002231891061
267 0.0007516956264
274 0.0005786503998
281 0.0007539675655
288 -0.005803611166
295 0.0008067560163
302 0.0007585046242
309 0.0007895635865
316 0.0005726280886
323 0.0007459094777
330 0.0006110969535
337 0.0007317182981
344 -0.000297463197
351 0.001019390345
358 0.0007233354283
365 0.0008750144023
372 0.0004556039633
379 0.001002338115
386 0.0006303200793
393 0.0007521747626
400 -0.002174975588
407 0.0008813001005
414 0.0008905463182
421 0.0007869957282
428 0.0004695126409
435 0.0008831990121
442 0.0008437514911
449 0.000847262051
456 -0.0003824397702
463 0.001035523803
470 0.0008408621454
477 0.001022431139
484 0.0004884305462
491 0.001005690727
498 0.0009128501205
505 0.001110637269
512 -0.1160131737
519 0.0008036534847
526 0.0007346035937
533 0.0007168035502
540 0.0004556935398
547 0.0007223771133
554 0.0006084641164
561 0.0007446564755
568 -0.0002205283753
575 0.001067696862
582 0.0006333337527
589 0.0007590748954
596 0.000284232736
603 0.0008271656636
610 0.0006293081986
617 0.0007729476038
624 -0.001657204905
631 0.0009737811135
638 0.001008519595
645 0.0007129817011
652 0.0003481168449
659 0.000736648761
666 0.0006675764056
673 0.0007221229229
680 -0.0004611770425
687 0.000942165582
694 0.0007646233726
701 0.0009690341526
708 0.0003045960771
715 0.0008188144808
722 0.0006675080618
729 0.000856327866
736 -0.004575013874
743 0.0009518736492
750 0.0009134750048
757 0.0009575882231
764 0.0007583834397
771 0.0007767164382
778 0.0006398445282
785 0.0007372208039
792 -0.0003358271084
799 0.00103044041
806 0.0006905550923
813 0.0008315885244
820 0.0003804175698
827 0.0009459933595
834 0.0006453904919
841 0.0007666734912
848 -0.002045933661
855 0.0009144882054
862 0.0009220663955
869 0.0008437187538
876 0.0005257900116
883 0.0009524894759
890 0.0009141041154
897 0.000830826675
904 -0.0004333422373
911 0.001029886874
918 0.0008041431802
925 0.0009795426463
932 0.0003962223158
939 0.0009204053136
946 0.0008034696152
953 0.0009961666053
960 -0.0102643915
967 0.001019226217
974 0.0009447307916
981 0.0009567943257
988 0.0007087566799
995 0.001035297443
1002 0.0009182141673
1009 0.001090111443
1016 0.0001995090959
1023 0.001376379793
1030 0.0006278612473
1037 0.0007589219749
1044 0.0002565708149
1051 0.0008140661202
1058 0.0005613047017
1065 0.0007032799236
1072 -0.0019663034
1079 0.0008885264991
1086 0.0009186997457
1093 0.0006919065433
1100 0.0003332285383
1107 0.0007344677485
1114 0.0006687878119
1121 0.0007394517057
1128 -0.0004238537313
1135 0.0009718425465
1142 0.0008130438893
1149 0.001020733292
1156 0.000213271402
1163 0.0007375214683
1170 0.000561850806
1177 0.0007414122382
1184 -0.005580008041
1191 0.0008059090125
1198 0.0007591453429
1205 0.000785339564
1212 0.0005733235489
1219 0.0007732556617
1226 0.0006374421453
1233 0.0007600896968
1240 -0.0002481672696
1247 0.001055292107
1254 0.0007810785939
1261 0.0009278151999
1268 0.0005111456027
1275 0.001059457247
1282 0.0005754753455
1289 0.0006981608738
1296 -0.002300533836
1303 0.0008281707777
1310 0.0008331943364
1317 0.0007025344346
1324 0.000376730053
1331 0.0007860379535
1338 0.0007548915624
1345 0.00071202208
1352 -0.0005305120702
1359 0.0009154508922
1366 0.0007101636376
1373 0.0008930939947
1380 0.0003315573177
1387 0.0008475365103
1394 0.000750710593
1401 0.0009509490065
1408 -0.02397680966
1415 0.0008684789502
1422 0.0007976557854
1429 0.0007822082641
1436 0.0005139380424
1443 0.0008049314004
1450 0.0006909847745
1457 0.0008441402149
1464 -0.0001030905355
1471 0.001147187114
1478 0.00078771458
1485 0.0009051241453
1492 0.0004376412529
1499 0.000978395589
1506 0.0008099935502
1513 0.0009396373229
1520 -0.001334944601
1527 0.001137327949
1534 0.001163217735
1541 0.0007505077944
1548 0.0003810939865
1555 0.0007737050726
1562 0.0007010996556
1569 0.0007320586304
1576 -0.0004643413834
1583 0.0009553183751
1590 0.0007800290942
1597 0.0009807111307
1604 0.0002726697314
1611 0.0007886279922
1618 0.0006357327331
1625 0.0008146905665
1632 -0.005008706631
1639 0.0008816601862
1646 0.0008523319203
1653 0.0008994752115
1660 0.0006942637054
1667 0.000788197908
1674 0.0006514770218
1681 0.0007521570351
1688 -0.0003125005795
1695 0.001039184683
1702 0.0007171241114
1709 0.0008647868933
1716 0.0004209990616
1723 0.0009757452617
1730 0.0007065065834
1737 0.0008247771244
1744 -0.001938060339
1751 0.0009635570785
1758 0.0009719821022
1765 0.000912737391
1772 0.0006009094737
1779 0.001022711957
1786 0.0009838148208
1793 0.0008171321926
1800 -0.0004519267175
1807 0.001021643699
1814 0.00079402093
1821 0.0009792132672
1828 0.0003671501132
1835 0.0008919558541
1842 0.0007604475153
1849 0.0009585693372
1856 -0.01184393395
1863 0.0009429205264
1870 0.0008702000616
1877 0.0008780989008
1884 0.0006231583493
1891 0.00093479741
1898 0.0008164060113
1905 0.0009813635444
1912 7.242746017e-05
1919 0.001280694193
1926 0.0008506154657
1933 0.0009677292537
1940 0.0004755712218
1947 0.001007972279
1954 0.0007942721074
1961 0.0009326420582
1968 -0.001549325216
1975 0.001107828188
1982 0.001134223052
1989 0.0009933516525
1996 0.0006401741296
2003 0.001031081614
2010 0.0009720379561
2017 0.00107481732
2024 -6.99417427e-05
2031 0.001273733658
2038 0.001123671323
2045 0.001316397771
2048 -0.423405012
2052 0.0002534600081
2059 0.0007902798963
2066 0.0006153825161
2073 0.0007945912769
2080 -0.005898045283
2087 0.0008470987612
2094 0.0007964866823
2101 0.0008292887348
2108 0.0006072332175
2115 0.0007633589552
2122 0.0006304635556
2129 0.0007482046995
2136 -0.0002917006951
2143 0.001036494169
2150 0.0007371958798
2157 0.0008958270478
2164 0.0004720987856
2171 0.001026872118
2178 0.0006071415408
2185 0.0007311854468
2192 -0.00223388679
2199 0.0008617356448
2206 0.0008718393724
2213 0.000756441124
2220 0.0004355122535
2227 0.0008451370867
2234 0.0008079529763
2241 0.0007874527055
2248 -0.0004489397655
2255 0.0009871476353
2262 0.0007921397982
2269 0.0009790770415
2276 0.0004351696343
2283 0.0009529315008
2290 0.0008534592479
2297 0.001059908024
2304 -0.05532393303
2311 0.0008515204756
2318 0.0007801027266
2325 0.0007636946022
2332 0.0004989647306
2339 0.0007671005252
2346 0.0006511927053
2353 0.0007927612141
2360 -0.0001669314983
2367 0.001113379353
2374 0.0006974168356
2381 0.0008177967982
2388 0.0003455761476
2395 0.0008858118796
2402 0.0006946942815
2409 0.0008276760442
2416 -0.001566873906
2423 0.001026626582
2430 0.001057135067
2437 0.000799173617
2444 0.0004312169669
2451 0.0008191711538
2458 0.0007394238482
2465 0.0008040095715
2472 -0.0003718961613
2479 0.001027208024
2486 0.0008543604878
2493 0.001059642282
2500 0.0004150523606
2507 0.0009311681885
2514 0.0007803231078
2521 0.0009661405646
2528 -0.00430903637
2535 0.001060009831
2542 0.001023873071
2549 0.00107212878
2556 0.0008697583936
2563 0.0007923695542
2570 0.0006607242738
2577 0.0007563752158
2584 -0.0003286363857
2591 0.00105317226
2598 0.0007080923264
2605 0.0008505744577
2612 0.0004018586953
2619 0.0009644611887
2626 0.0006390437388
2633 0.0007575943021
2640 -0.002090526927
2647 0.0009019013386
2654 0.0009079895192
2661 0.000820177536
2668 0.0005121068792
2675 0.0009385228601
2682 0.0008992075671
2689 0.0007715360236
2696 -0.0004923020081
2703 0.0009782504912
2710 0.0007481095394
2717 0.0009368726277
2724 0.0003424422605
2731 0.000869447677
2738 0.0007481109509
2745 0.0009459203157
2752 -0.01108051652
2759 0.0009492749395
2766 0.0008706110235
2773 0.0008811338159
2780 0.0006313218531
2787 0.0009556941349
2794 0.0008422382284
2801 0.00101326588
2808 0.0001121189232
2815 0.001308342014
2822 0.0007816061326
2829 0.0009001442114
2836 0.0004014072168
2843 0.0009502161393
2850 0.0007117659338
2857 0.0008468832978
2864 -0.001755325917
2871 0.001013349339
2878 0.001042239502
2885 0.0008515669785
2892 0.0004892108937
2899 0.0008919436727
2906 0.0008293065358
2913 0.0009130243546
2920 -0.0002500349618
2927 0.001118775678
2934 0.0009691351491
2941 0.001170683086
2948 0.0004488940229
2955 0.0009645149333
2962 0.0007977371778
2969 0.0009673272219
2976 -0.005087226472
2983 0.001028332462
2990 0.0009847928344
2997 0.001015963547
3004 0.0008009299543
3011 0.001032923888
3018 0.0008955153184
3025 0.001007786865
3032 1.031382294e-05
3039 0.001287680704
3046 0.001027990985
3053 0.001169035418
3060 0.0007563734303
3067 0.001288766525
3074 0.0007202946741
3081 0.000850100547
3088 -0.002182138705
3095 0.0009809128691
3102 0.0009894312838
3109 0.0008542824978
3116 0.0005268815994
3123 0.0009368132027
3130 0.0009015773863
3137 0.0008361324342
3144 -0.0004123006744
3151 0.001047640544
3158 0.0008378099507
3165 0.001021981701
3172 0.0004492077205
3179 0.0009802868243
3186 0.0008791423944
3193 0.001078379041
3200 -0.02654102545
3207 0.0009601288999
3214 0.0008882980319
3221 0.0008703876333
3228 0.0006118489706
3235 0.000895651309
3242 0.0007803470137
3249 0.0009261436225
3256 -2.897108815e-05
3263 0.001230419724
3270 0.0008459753728
3277 0.0009585086062
3284 0.0004935023405
3291 0.001037588066
3298 0.0008640966971
3305 0.0009988893811
3312 -0.001327623627
3319 0.001193254738
3326 0.001224197029
3333 0.0008752825366
3340 0.0005022613748
3347 0.0008974332869
3354 0.0008269861514
3361 0.0008631113537
3368 -0.0003326532704
3375 0.001076480531
3382 0.0009017528825
3389 0.001105588557
3396 0.0004173386459
3403 0.0009329649584
3410 0.000784644992
3417 0.0009671519996
3424 -0.004706496692
3431 0.001043833189
3438 0.001003920159
3445 0.001052109073
3452 0.0008441753196
3459 0.0009737279843
3466 0.000832608633
3473 0.0009354132648
3480 -0.0001246352589
3487 0.001207785834
3494 0.000892523565
3501 0.001038986534
3508 0.0005978614269
3515 0.001145729919
3522 0.0008947762826
3529 0.001014589332
3536 -0.001718157966
3543 0.00115486255
3550 0.001161423421
3557 0.001105441293
3564 0.000789921549
3571 0.001211356408
3578 0.001170034654
3585 0.0009396663603
3592 -0.0003327439521
3599 0.001157874348
3606 0.0009234894573
3613 0.001107535675
3620 0.0004855534917
3627 0.001017399653
3634 0.0008856376178
3641 0.001093079003
3648 -0.01235699637
3655 0.001055501193
3662 0.0009849543131
3669 0.0009866706382
3676 0.0007280621193
3683 0.00103017482
3690 0.0009127609957
3697 0.001080530153
3704 0.0001581250523
3711 0.001380794431
3718 0.0009028292758
3725 0.001026015245
3732 0.0005296762961
3739 0.001070846142
3746 0.0008540190695
3753 0.0009928566481
3760 -0.00153549516
3767 0.001165272501
3774 0.001193422848
3781 0.0010330412
3788 0.0006750293409
3795 0.001069768532
3802 0.001008456388
3809 0.00110354523
3816 -4.392054595e-05
3823 0.001313836949
3830 0.001161769066
3837 0.001361369164
3844 0.0005712315519
3851 0.001092930737
3858 0.000913767897
3865 0.001088312435
3872 -0.005295876059
3879 0.001138689999
3886 0.001084872714
3893 0.001105082181
3900 0.0008856773692
3907 0.0010752057
3914 0.0009394422324
3921 0.001056513886
3928 3.797665337e-05
3935 0.001339717548
3942 0.001055288823
3949 0.001196137453
3956 0.0007754161038
3963 0.001317974312
3970 0.0009990027741
3977 0.001109466305
3984 -0.00177913594
3991 0.001233599528
3998 0.001228008264
4005 0.001126756191
4012 0.0008060842493
4019 0.001217499898
4026 0.001168102879
4033 0.001193446043
4040 -3.442344542e-05
4047 0.001368238101
4054 0.001168942834
4061 0.001344739377
4068 0.0008168993313
4075 0.001319872052
4082 0.001221401881
4089 0.001408865131
4095 0.001597050579
