# x y  (written by maestro2tex)
1 -9.637397023e-05
8 -0.0002269602917
15 0.001044794748
22 0.00113312892
29 0.0005817998662
36 0.0007233393982
43 0.0007225111583
50 0.0008890914176
57 0.0003596190009
64 -0.01588588322
71 0.0008601739416
78 0.001310207776
85 0.0003674370881
92 0.001196432189
99 0.0006297354462
106 0.001032700785
113 0.0002510128128
120 0.0005061842885
127 0.001456367395
134 0.00106734141
141 0.0004346403618
148 0.000840085807
155 0.0008277643669
162 0.0007958535336
169 0.000190491974
176 -0.001671663704
183 0.00108681754
190 0.001610611743
197 0.0003307807333
204 0.001066913474
211 0.0007149724469
218 0.001158052236
225 0.0002016469164
232 0.0002130838469
239 0.001317970973
246 0.001472892004
253 0.0009419476026
260 0.0007029915754
267 0.0006705928458
274 0.0008122943864
281 0.0002177162419
288 -0.006576340652
295 0.0009027307039
302 0.001378901839
309 0.0004368655097
316 0.001326299545
323 0.0005560942489
330 0.0009448927798
337 9.816539139e-05
344 0.0002868541634
351 0.001303345834
358 0.001223915519
365 0.0006249438566
372 0.001078401683
379 0.001071404777
386 0.0007955005718
393 0.000187423221
400 -0.002088806928
407 0.00103192572
414 0.001533124028
421 0.0004030063224
428 0.001150758233
435 0.0008205533155
442 0.001262564753
449 0.0001928068463
456 7.592486975e-05
463 0.001262215533
470 0.001367571085
477 0.0008363981168
484 0.001013650766
491 0.001031858888
498 0.001204249119
505 0.0007222622045
512 -0.1426116455
519 0.0008418796767
526 0.001308734968
533 0.0003043919312
540 0.001183482079
547 0.0005415743053
554 0.0009617509396
561 0.0001064783901
568 0.0003921266173
575 0.001359110296
582 0.001101287017
589 0.0004518059018
596 0.0008946306253
603 0.0008604791515
610 0.0008568838135
617 0.0002512312639
624 -0.001448781095
631 0.001169106102
638 0.001693735955
645 0.0002673414273
652 0.001005870823
659 0.000629878518
666 0.001067674914
673 6.837880068e-05
680 5.790064797e-05
687 0.001198032803
694 0.001328437016
701 0.000794104554
708 0.0008136166637
715 0.0008125674404
722 0.0009476645565
729 0.000430070061
736 -0.005217477942
743 0.001102458793
750 0.001531618005
757 0.0007048173627
764 0.001476980654
771 0.000601186014
778 0.0009445259687
785 0.0001535841913
792 0.0001796814486
799 0.00129739327
806 0.001162618598
813 0.0006104261886
820 0.0009630939992
827 0.001024957304
834 0.0008388873979
841 0.0002993515579
848 -0.00197206368
855 0.001100744466
862 0.001547393649
869 0.0005465017795
876 0.001169074342
883 0.000944172352
890 0.001327101868
897 0.0002602966458
904 -5.388611102e-05
911 0.001248095619
918 0.00129090448
925 0.0008351179816
932 0.0008747658029
939 0.0009732061129
946 0.001088854403
953 0.0006847462739
960 -0.01256902155
967 0.001151806719
974 0.001477969479
981 0.0007528601291
988 0.00132515099
995 0.0009994494831
1002 0.001264380367
1009 0.0007220950155
1016 0.0006549274407
1023 0.001687426049
1030 0.001047713751
1037 0.0004350954477
1044 0.0008149141221
1051 0.0008184998717
1058 0.0007615802042
1065 0.0001693937876
1072 -0.001817210879
1079 0.001061589152
1086 0.001576470067
1093 0.0002736764701
1100 0.0009907211267
1107 0.0006454244408
1114 0.001072738177
1121 0.0001180420502
1128 8.565161122e-05
1135 0.001231373733
1142 0.001367299652
1149 0.000859734034
1156 0.0006944714398
1163 0.0007085454343
1170 0.0008223515363
1177 0.0002950100083
1184 -0.006343318128
1191 0.0009432967806
1198 0.001371451979
1205 0.0005178928427
1212 0.001290985814
1219 0.0006516036103
1226 0.0009801848639
1233 0.0002489401506
1240 0.0002812952188
1247 0.001357635103
1254 0.001263873273
1261 0.0007625128499
1268 0.00108358309
1275 0.001173041039
1282 0.0007443641329
1289 0.0002204829332
1296 -0.002291845657
1303 0.0009939688727
1310 0.001434113262
1317 0.0003942018177
1324 0.00100624509
1331 0.0007693395979
1338 0.001159376687
1345 0.0001751568004
1352 -0.0001265272441
1359 0.001160793516
1366 0.001216930975
1373 0.0007790120402
1380 0.000820291358
1387 0.0009255129781
1394 0.001049800837
1401 0.0006747126536
1408 -0.0295811091
1415 0.000994329902
1422 0.001316028534
1429 0.0005799013997
1436 0.001118107483
1443 0.0007769427409
1450 0.001039338058
1457 0.0004932305548
1464 0.0003439833161
1471 0.001463023788
1478 0.001197960502
1485 0.0008026674907
1492 0.0009116798501
1499 0.001114070984
1506 0.001045580673
1513 0.0007060305165
1520 -0.001325472549
1527 0.001379520429
1534 0.001699384054
1541 0.0004918672126
1548 0.0008660255076
1555 0.0007601761586
1562 0.001035115288
1569 0.0003297805273
1576 -0.000135536757
1583 0.001207120121
1590 0.001236642783
1597 0.000928556529
1604 0.0006571751621
1611 0.0008612757785
1618 0.0008938124769
1625 0.0005940002876
1632 -0.005867010272
1639 0.001073419106
1646 0.001354484313
1653 0.0008126283578
1660 0.001228292104
1667 0.0007684044371
1674 0.000940615179
1681 0.0004684077029
1688 1.721021232e-05
1695 0.001324117296
1702 0.001116761443
1709 0.0008380815117
1716 0.0008486668633
1723 0.001144740497
1730 0.0009101718045
1737 0.0006498347282
1744 -0.00206891845
1751 0.001199661942
1758 0.001449174196
1765 0.0008581376526
1772 0.001039451088
1779 0.001143081814
1786 0.001322370896
1793 0.0005701230252
1800 -0.0002904169943
1807 0.001250698129
1814 0.001164816116
1821 0.001000902659
1828 0.0006833890412
1835 0.001037321229
1842 0.001013428023
1849 0.0008976585891
1856 -0.01450327364
1863 0.001136972654
1870 0.001270623594
1877 0.0008936823785
1884 0.001023122436
1891 0.001044414269
1898 0.001111439902
1905 0.0009210780158
1912 0.0002815369013
1919 0.001578102528
1926 0.001149136316
1933 0.001027074274
1940 0.0007625990265
1947 0.001202798487
1954 0.001007610462
1961 0.0009409061725
1968 -0.001787654852
1975 0.001366507983
1982 0.001507619273
1989 0.001052884414
1996 0.0009266207727
2003 0.001206365345
2010 0.001251757361
2017 0.001091239038
2024 7.802358247e-06
2031 0.001550092883
2038 0.001433582673
2045 0.001491318066
2048 -0.5252091833
2052 0.0005576637385
2059 0.0008326232952
2066 0.000823583152
2073 0.0005657667892
2080 -0.006954083075
2087 0.001000622083
2094 0.001247777225
2101 0.0007173385756
2108 0.001093306404
2115 0.0007460126084
2122 0.000909432222
2129 0.0004717356597
2136 1.686245176e-05
2143 0.001309692897
2150 0.001118143215
2157 0.0008584519652
2164 0.0008756121846
2171 0.00117727435
2178 0.0007796256117
2185 0.0005054612381
2192 -0.002412181211
2199 0.001063847563
2206 0.00133694541
2213 0.000649647626
2220 0.0008827902743
2227 0.0009303482956
2234 0.001142602306
2241 0.0005378821749
2248 -0.0002400018782
2255 0.001237605006
2262 0.001188475177
2269 0.001008510797
2276 0.0007667358116
2283 0.00110069358
2290 0.00110897298
2297 0.0009932621414
2304 -0.06815100661
2311 0.001004498826
2318 0.001177759612
2325 0.0007045403817
2332 0.0009220002665
2339 0.0008246602797
2346 0.0009439882497
2353 0.0006409140702
2360 8.841989099e-05
2367 0.001400993012
2374 0.001035958315
2381 0.0008376548452
2388 0.0006916485274
2395 0.001068038984
2402 0.0009166802183
2409 0.0007716810988
2416 -0.001735527675
2423 0.001281086795
2430 0.001472767587
2437 0.0007779261585
2444 0.0007676776891
2451 0.0009473289329
2458 0.001038035492
2465 0.0007223801963
2472 -0.0002282911306
2479 0.001303951977
2486 0.001211448817
2493 0.001185805563
2500 0.000653155001
2507 0.001114059028
2514 0.001018421631
2521 0.001017442454
2528 -0.005339894195
2535 0.001299879049
2542 0.001370704301
2549 0.001199955034
2556 0.001159952955
2563 0.0008754864831
2570 0.0008918390321
2577 0.0006987992906
2584 -0.0002077490617
2591 0.001310628848
2598 0.001011597545
2605 0.0009461030495
2612 0.0006728630544
2619 0.001169276607
2626 0.0008299901808
2633 0.0007757745218
2640 -0.002413420988
2647 0.001152018844
2654 0.001261112395
2661 0.0009180557599
2668 0.0007965519072
2675 0.001131403809
2682 0.001174124663
2689 0.0007823604732
2696 -0.0004699119908
2703 0.001233450833
2710 0.00105035653
2717 0.001103431189
2724 0.0005474902399
2731 0.001098190222
2738 0.0009845998548
2745 0.001091022338
2752 -0.01380703406
2759 0.001192997782
2766 0.001166050549
2773 0.001073171645
2780 0.0008569961456
2787 0.001177153629
2794 0.001089653241
2801 0.001193693025
2808 0.0001179534222
2815 0.001587674485
2822 0.001005036156
2829 0.00109735933
2836 0.0005524033279
2843 0.001197348764
2850 0.0009117658375
2857 0.001050221007
2864 -0.002183307173
2871 0.001288977112
2878 0.001289941709
2885 0.001083289211
2892 0.0006377239346
2899 0.001159555953
2906 0.001062565859
2913 0.001163937187
2920 -0.0003325851448
2927 0.001402789267
2934 0.001193674363
2941 0.00146770557
2948 0.0005138277744
2955 0.001242231035
2962 0.001000452789
2969 0.001278450753
2976 -0.006426266205
2983 0.001315293248
2990 0.001181305088
2997 0.001354230607
3004 0.0008614852765
3011 0.001335465003
3018 0.00109144055
3025 0.001385841782
3032 -0.0001575452247
3039 0.001557308626
3046 0.001196398145
3053 0.001537188192
3060 0.0007684063412
3067 0.001603376785
3074 0.0008723743795
3081 0.001129840522
3088 -0.002809298796
3095 0.001231078443
3102 0.001144607768
3109 0.001147467743
3116 0.0005791667741
3123 0.001216491907
3130 0.001076571503
3137 0.001151133712
3144 -0.0006019744565
3151 0.001303987865
3158 0.001014155394
3165 0.001338360808
3172 0.0004800285826
3179 0.001278511422
3186 0.001059604455
3193 0.001436802736
3200 -0.03294718289
3207 0.001228676725
3214 0.001038195884
3221 0.00122312989
3228 0.0006299658317
3235 0.001215820189
3242 0.0009668143328
3249 0.001332826414
3256 -0.0002331549097
3263 0.001484941573
3270 0.0009979165511
3277 0.001339873445
3284 0.0004934418931
3291 0.00136432253
3298 0.001046809041
3305 0.00145154288
3312 -0.001960360711
3319 0.001480957176
3326 0.001299946389
3333 0.001279140226
3340 0.0004632058619
3347 0.001244217716
3354 0.0009842027116
3361 0.001345342892
3368 -0.0006077257875
3375 0.001349376599
3382 0.001023212227
3389 0.001511628956
3396 0.0003718235094
3403 0.001292035752
3410 0.0009687216869
3417 0.001475190617
3424 -0.006175245607
3431 0.001361896899
3438 0.001080421415
3445 0.001539162958
3452 0.0007188464308
3459 0.001374109921
3466 0.0009841918172
3473 0.001523896481
3480 -0.0004721817039
3487 0.001465363232
3494 0.000991703748
3501 0.001536168306
3508 0.0004853937226
3515 0.001514312531
3522 0.001072074747
3529 0.00163939782
3536 -0.002524419912
3543 0.001473814528
3550 0.001154519012
3557 0.00168907088
3564 0.0006008877137
3571 0.00164355489
3578 0.001253236085
3585 0.00160602254
3592 -0.0007807151236
3599 0.001414097799
3606 0.0009610378541
3613 0.00160046549
3620 0.0003330753444
3627 0.001413181313
3634 0.001029196906
3641 0.001720221001
3648 -0.01567292827
3655 0.001390220146
3662 0.0009800062345
3669 0.001582607338
3676 0.0004939952061
3683 0.001501405374
3690 0.001025725685
3697 0.001815190174
3704 -0.0003351950066
3711 0.001602043457
3718 0.0009437203125
3725 0.001611960627
3732 0.0003293531193
3739 0.00148273203
3746 0.001025308877
3753 0.001744557611
3760 -0.002441672148
3767 0.001486962363
3774 0.001092515522
3781 0.00172994262
3788 0.0004005124235
3795 0.00157479584
3802 0.001079503727
3809 0.00197366273
3816 -0.0006009794251
3823 0.001578974557
3830 0.001108226547
3837 0.001956573074
3844 0.000316831953
3851 0.001555845623
3858 0.00105076519
3865 0.001892569597
3872 -0.007124556737
3879 0.00150146168
3886 0.0009781066874
3893 0.001826786713
3900 0.000488684251
3907 0.001645534014
3914 0.001029166449
3921 0.00199972093
3928 -0.0005962905541
3935 0.001575656343
3942 0.001014615047
3949 0.001896745826
3956 0.0004236511824
3963 0.001751449621
3970 0.001159851062
3977 0.00205126619
3984 -0.002884092628
3991 0.001584090032
3998 0.001029927381
4005 0.001969539467
4012 0.0003772942911
4019 0.001782914369
4026 0.001163764217
4033 0.00228146841
4040 -0.0007449936213
4047 0.001647324673
4054 0.001051442115
4061 0.00207010643
4068 0.0004297456786
4075 0.001832883291
4081 0.002409420752
4082 0.001299657692
4089 0.002370136646
4095 0.001781891398
