# x y  (written by maestro2tex)
1 -0.002055377794
8 -0.000663463776
15 0.002073756876
22 0.002177724001
29 0.0001209374291
36 0.001034477045
43 0.001002785968
50 0.00118311846
57 -0.0008233501752
64 -0.02016630437
71 0.001503500275
78 0.002595758249
85 -0.0004313482994
92 0.002083762644
99 0.0005505031603
106 0.001584965576
113 -0.001247179544
120 0.000464223262
127 0.002840792886
134 0.001876214199
141 -0.0001551194048
148 0.001258126173
155 0.001241870646
162 0.0009020779883
169 -0.001076433113
176 -0.002939055739
183 0.002000181869
190 0.003116537182
197 -0.0005783383801
204 0.001722507012
211 0.0007814699863
218 0.001808285542
225 -0.00136467897
232 -2.006563549e-05
239 0.00246194355
246 0.002599296012
253 0.0007386255377
260 0.0008517493445
267 0.0008748063018
274 0.0009940378288
281 -0.0008691448559
288 -0.009155646758
295 0.001573645141
302 0.002587947691
309 -0.0001737807407
316 0.002143604199
323 0.0004432511155
330 0.001357851941
337 -0.001263467029
344 0.0001275037843
351 0.002475960589
358 0.002084644373
365 0.0002611674856
372 0.001557629819
379 0.00160392443
386 0.0008074911428
393 -0.0009786039942
400 -0.003389474335
407 0.001786577586
414 0.002785797661
421 -0.0003145739796
428 0.001769236546
435 0.0009644749126
442 0.001896380897
449 -0.001234610313
456 -0.0002552238064
463 0.002215259416
470 0.002288372629
477 0.0006073157617
484 0.001302684574
491 0.001386682423
498 0.001520407258
505 -8.557714666e-05
512 -0.151407111
519 0.001371888291
526 0.002259904811
533 -0.0002702979884
540 0.001759889942
547 0.0005199426464
554 0.001354162865
561 -0.0009989277794
568 0.0002024412895
575 0.002451246993
582 0.001754784748
589 9.859615123e-05
596 0.001184628701
603 0.001275851713
610 0.0009677005894
617 -0.0006219576866
624 -0.002563514898
631 0.001960612458
638 0.002873838955
645 -0.0003846464457
652 0.001408668426
659 0.0007172135355
666 0.001532564715
673 -0.001074365431
680 -0.0002588906064
687 0.002092201927
694 0.002154325748
701 0.0006749848846
708 0.0009447344141
715 0.001078449977
722 0.00114798445
729 -0.0002881926107
736 -0.007221904519
743 0.00171721162
750 0.002509567217
757 0.0003451599724
764 0.002110838165
771 0.0005343178667
778 0.001219422941
785 -0.0008402190204
792 -6.805225801e-05
799 0.002187224253
806 0.001774178856
813 0.0003649920051
820 0.001248099911
827 0.001439702622
834 0.0008743167673
841 -0.0004905966773
848 -0.003029629691
855 0.001732577714
862 0.002503656829
869 8.745472269e-05
876 0.001612680992
883 0.001119694266
890 0.001820710816
897 -0.0007707502678
904 -0.000411199428
911 0.001957282079
918 0.001937704464
925 0.0006854957338
932 0.00102460814
939 0.001248622565
946 0.00129870296
953 0.0001173910555
960 -0.01514858749
967 0.001622294519
974 0.002252103111
981 0.000402794789
988 0.001810904705
995 0.001052472485
1002 0.001615422775
1009 -3.181702421e-05
1016 0.0005584011987
1023 0.002570244217
1030 0.001461641881
1037 0.0002307538243
1044 0.0008973185438
1051 0.001149290717
1058 0.0008021833969
1065 -0.0003806098281
1072 -0.002857905529
1079 0.001651663027
1086 0.002351071507
1093 -8.022662395e-05
1100 0.001200382949
1107 0.0007980883485
1114 0.001401478062
1121 -0.0005697072491
1128 -0.0002751756416
1135 0.001927606745
1142 0.00193524295
1149 0.0008692381203
1156 0.0006642147734
1163 0.0009436602559
1170 0.0009283110782
1177 -0.0001168250847
1184 -0.008071797024
1191 0.001408587838
1198 0.001990689424
1205 0.0003487073466
1212 0.001607837529
1219 0.0007192486423
1226 0.001197888276
1233 -0.0002924111203
1240 1.235235652e-05
1247 0.002051842707
1254 0.001695495677
1261 0.0007102139918
1268 0.001226964185
1275 0.001548608562
1282 0.0007359990414
1289 -0.0002193170768
1296 -0.003259015352
1303 0.001454298149
1310 0.002011202867
1317 0.000177214194
1324 0.001181816047
1331 0.000947007243
1338 0.001448028447
1345 -0.0003666250417
1352 -0.0004937423128
1359 0.001696819891
1366 0.001631999918
1373 0.0007872468062
1380 0.0008471294321
1387 0.001191509711
1394 0.001191709606
1401 0.0004238359147
1408 -0.03220344225
1415 0.001337255238
1422 0.001760308309
1429 0.0004418058702
1436 0.001319177233
1443 0.0008756264553
1450 0.001236262599
1457 0.0001207301609
1464 0.0001448599677
1471 0.002036000057
1478 0.001497089553
1485 0.000753721844
1492 0.0009840540828
1499 0.001388630952
1506 0.001108448835
1513 0.0004358348248
1520 -0.001950945646
1527 0.001799928621
1534 0.002212731812
1541 0.0003110195051
1548 0.0009280195201
1555 0.000877380404
1562 0.001208888864
1569 -2.798780788e-05
1576 -0.0004387875571
1583 0.001631537059
1590 0.001545764293
1597 0.0009699701696
1604 0.0006099524961
1611 0.001049905316
1618 0.0009657890537
1625 0.0004269626283
1632 -0.006922624098
1639 0.001381554981
1646 0.001705475303
1653 0.0007765330123
1660 0.001379950751
1667 0.0008358360744
1674 0.001045481227
1681 0.0002260695744
1688 -0.0002042957793
1695 0.001715203986
1702 0.001333927687
1709 0.0008554351923
1716 0.0008825807876
1723 0.001372155647
1730 0.0009265836963
1737 0.0004893387746
1744 -0.002598572781
1751 0.001485151583
1758 0.001762291447
1765 0.000803641161
1772 0.001127035917
1779 0.001276970702
1786 0.00148411184
1793 0.0003315802967
1800 -0.0005463999286
1807 0.001517584578
1814 0.001344880828
1821 0.001033191843
1828 0.0006523330972
1835 0.001187327473
1842 0.001071165467
1849 0.0008251344963
1856 -0.01554188746
1863 0.001325608222
1870 0.001468897681
1877 0.00088735065
1884 0.001093240622
1891 0.001126598537
1898 0.001202997638
1905 0.0008157987841
1912 0.0001753518678
1919 0.001837671655
1926 0.001253637642
1933 0.001040053566
1940 0.0007567454078
1947 0.001333661113
1954 0.00102710236
1961 0.0008858579487
1968 -0.002064532508
1975 0.001539118251
1982 0.001680971511
1989 0.001032096805
1996 0.000953355664
2003 0.001282276926
2010 0.001327336028
2017 0.00100759869
2024 -8.409123068e-05
2031 0.001706703416
2038 0.001543011777
2045 0.001530270595
2048 -0.5297366983
2052 0.0003835594572
2059 0.0009894899544
2066 0.0008163109967
2073 0.0006901248135
2080 -0.007733189817
2087 0.001172241354
2094 0.001266860327
2101 0.0008749634509
2108 0.0009483731605
2115 0.0009039318255
2122 0.000907925064
2129 0.000640722466
2136 -0.0002929330398
2143 0.00146326322
2150 0.001108568945
2157 0.001036184336
2164 0.0007107665474
2171 0.001329694069
2178 0.0007657178189
2185 0.0007161799913
2192 -0.002876610353
2199 0.001205013155
2206 0.001284437379
2213 0.0008657688016
2220 0.0006973915786
2227 0.001098107208
2234 0.001112049869
2241 0.0007893664955
2248 -0.0005399470325
2255 0.001335355786
2262 0.001126480061
2269 0.001200004887
2276 0.0005868518952
2283 0.001239394911
2290 0.00108329067
2297 0.001230931147
2304 -0.06928199431
2311 0.001109875573
2318 0.001062304442
2325 0.0009594749081
2332 0.0006863582084
2339 0.001006136513
2346 0.0008962160549
2353 0.0009782591073
2360 -0.0001946047949
2367 0.001410470865
2374 0.0009361070597
2381 0.00108259348
2388 0.0004840676595
2395 0.001182328624
2402 0.0008988989542
2409 0.001113494982
2416 -0.0019674834
2423 0.001306910566
2430 0.001261000357
2437 0.001079647939
2444 0.0005300890536
2451 0.001105955131
2458 0.0009489928164
2465 0.001143480474
2472 -0.0004596118272
2479 0.001268366611
2486 0.001032302953
2493 0.001384619786
2500 0.0004653596404
2507 0.00121480514
2514 0.0009746070963
2521 0.001373144225
2528 -0.005312455412
2535 0.001289830583
2542 0.001116353717
2549 0.001459573096
2556 0.0008706587404
2563 0.001057655624
2570 0.0008011888061
2577 0.001192914733
2584 -0.0004560514348
2591 0.001189631228
2598 0.0008099893495
2605 0.001225464534
2612 0.0004128805627
2619 0.001207463622
2626 0.0008127874765
2633 0.001265839475
2640 -0.002516465001
2647 0.001098640065
2654 0.0009039778966
2661 0.001297129857
2668 0.0004772000171
2675 0.001244814657
2682 0.0009853379692
2689 0.001388224716
2696 -0.0006542354419
2703 0.001095218498
2710 0.0007743750547
2717 0.001361997238
2724 0.0003225619032
2731 0.001159542392
2738 0.0008995841077
2745 0.001553262863
2752 -0.01324497182
2759 0.001127887336
2766 0.0007912928051
2773 0.001443009053
2780 0.0004895172243
2787 0.001316104715
2794 0.0009222289885
2801 0.001766014239
2808 -4.900934591e-05
2815 0.001251414488
2822 0.0007367480767
2829 0.001417948837
2836 0.0002984623186
2843 0.001186312107
2850 0.0008735952348
2857 0.001623749645
2864 -0.002041110293
2871 0.001092756615
2878 0.0007663390072
2885 0.001540144453
2892 0.0003056884668
2899 0.001262472118
2906 0.0008345360122
2913 0.001870746741
2920 -0.0004213423074
2927 0.001074092559
2934 0.0007702825907
2941 0.001658168463
2948 0.0003249450901
2955 0.001253964017
2962 0.0009128756984
2969 0.001836655233
2976 -0.005733665001
2983 0.001119812366
2990 0.0006582442268
2997 0.001721908761
3004 0.0004308255378
3011 0.001460894952
3018 0.000899204352
3025 0.00209164322
3032 -0.00021186298
3039 0.001082201206
3046 0.0007884299124
3053 0.001786904888
3060 0.0004789060978
3067 0.001408537662
3074 0.0008477827344
3081 0.00183521811
3088 -0.002514431549
3095 0.0009676760872
3102 0.0005020678527
3109 0.001665230257
3116 0.0001566318219
3123 0.001275868034
3130 0.0007474283903
3137 0.002059300179
3144 -0.0006481982277
3151 0.0009004448082
3158 0.000511152906
3165 0.001615689456
3172 0.0002078248498
3179 0.001214690929
3186 0.0008861444291
3193 0.002055466626
3200 -0.03107835346
3207 0.001011062386
3214 0.0004150161292
3221 0.001734562727
3228 0.0001194164833
3235 0.001360963918
3242 0.0007002505398
3249 0.002207215391
3256 -0.0003405475669
3263 0.0008606763864
3270 0.0005337728337
3277 0.001726488645
3284 0.0001586091106
3291 0.001203078965
3298 0.0009513644285
3305 0.002216892307
3312 -0.001442300128
3319 0.001014084686
3326 0.0004241667551
3333 0.001916352274
3340 3.323596317e-05
3347 0.001331588044
3354 0.0006370325653
3361 0.002395460849
3368 -0.0006002269513
3375 0.0007841144335
3382 0.0003790397332
3389 0.001765368225
3396 0.0001353022793
3403 0.001229359574
3410 0.0008182278251
3417 0.002250020238
3424 -0.004851976059
3431 0.0009776123979
3438 0.0002572491795
3445 0.002011171487
3452 9.280878223e-05
3459 0.001536192734
3466 0.0007151969238
3473 0.002565785013
3480 -0.0004631012515
3487 0.0007346302147
3494 0.0004055574903
3501 0.001904390498
3508 0.000104990709
3515 0.001224976016
3522 0.001012179392
3529 0.002546447952
3536 -0.001753025363
3543 0.0009385520369
3550 0.0001808525815
3557 0.002272385285
3564 6.944568947e-05
3571 0.001551181847
3578 0.0007331038109
3585 0.002811982601
3592 -0.0006195590632
3599 0.0007601540031
3606 0.0002708218112
3613 0.001912686433
3620 6.942936307e-05
3627 0.001253062183
3634 0.0008140295419
3641 0.002527999586
3648 -0.01317589003
3655 0.0009689656736
3662 8.924017657e-05
3669 0.002168900729
3676 -0.0001414734167
3683 0.001575440959
3690 0.0006305468017
3697 0.002894052467
3704 -0.0003125265433
3711 0.0006100456739
3718 0.0003319794373
3725 0.002071445694
3732 -1.745863971e-05
3739 0.001199928457
3746 0.0009269983318
3753 0.002736824061
3760 -0.001495795324
3767 0.0008047778702
3774 -7.061551222e-05
3781 0.002455305283
3788 -0.0001236680024
3795 0.00153866201
3802 0.000562518641
3809 0.003227223664
3816 -0.0004076964675
3823 0.000646501642
3830 0.0001875064361
3837 0.002117039308
3844 0.00012814247
3851 0.001385357053
3858 0.0008719536288
3865 0.002838960218
3872 -0.00504305641
3879 0.0009243440706
3886 -8.645789334e-05
3893 0.002388471689
3900 -0.0002322602377
3907 0.001746553965
3914 0.0006489527375
3921 0.00325376282
3928 -0.0004280443325
3935 0.0004900827451
3942 0.0002128625391
3949 0.002248855788
3956 -1.291206874e-05
3963 0.001240583238
3970 0.001109259144
3977 0.003169911208
3984 -0.001624134553
3991 0.0008330419896
3998 -0.00020904889
4005 0.002682540138
4012 -0.0002115259228
4019 0.00162559456
4026 0.0005227679306
4033 0.003699432268
4040 -0.000365002716
4047 0.0006237286447
4054 9.279909537e-05
4061 0.002286328372
4065 0.003721603888
4068 0.0001500607645
4075 0.001420849957
4082 0.0009499666487
4089 0.003195521043
4095 0.0004090620052
