# x y  (written by maestro2tex)
1 870.3337212
1.122018454 870.3337212
1.258925412 870.3337212
1.412537545 870.3337212
1.584893192 870.3337212
1.77827941 870.3337212
1.995262315 870.3337212
2.238721139 870.3337212
2.511886432 870.3337212
2.818382931 870.3337212
3.16227766 870.3337212
3.548133892 870.3337212
3.981071706 870.3337212
4.466835922 870.3337212
5.011872336 870.3337212
5.623413252 870.3337212
6.309573445 870.3337212
7.079457844 870.3337212
7.943282347 870.3337212
8.912509381 870.3337212
10 870.3337212
11.22018454 870.3337212
12.58925412 870.3337212
14.12537545 870.3337212
15.84893192 870.3337212
17.7827941 870.3337212
19.95262315 870.3337212
22.38721139 870.3337212
25.11886432 870.3337212
28.18382931 870.3337212
31.6227766 870.3337212
35.48133892 870.3337212
39.81071706 870.3337212
44.66835922 870.3337212
50.11872336 870.3337212
56.23413252 870.3337211
63.09573445 870.3337211
70.79457844 870.3337211
79.43282347 870.333721
89.12509381 870.333721
100 870.3337209
112.2018454 870.3337208
125.8925412 870.3337207
141.2537545 870.3337206
158.4893192 870.3337204
177.827941 870.3337202
199.5262315 870.3337199
223.8721139 870.3337195
251.1886432 870.3337191
281.8382931 870.3337186
316.227766 870.3337179
354.8133892 870.333717
398.1071706 870.3337159
446.6835922 870.3337145
501.1872336 870.3337127
562.3413252 870.3337105
630.9573445 870.3337077
707.9457844 870.3337043
794.3282347 870.3336999
891.2509381 870.3336943
1000 870.3336873
1122.018454 870.3336786
1258.925412 870.3336675
1412.537545 870.3336536
1584.893192 870.3336361
1778.27941 870.333614
1995.262315 870.3335863
2238.721139 870.3335513
2511.886432 870.3335073
2818.382931 870.3334519
3162.27766 870.3333822
3548.133892 870.3332944
3981.071706 870.3331838
4466.835922 870.3330447
5011.872336 870.3328695
5623.413252 870.332649
6309.573445 870.3323715
7079.457844 870.332022
7943.282347 870.3315821
8912.509381 870.3310284
10000 870.3303315
11220.18454 870.3294542
12589.25412 870.32835
14125.37545 870.3269602
15848.93192 870.3252112
17782.7941 870.3230103
19952.62315 870.320241
22387.21139 870.316757
25118.86432 870.3123747
28183.82931 870.3068635
31622.7766 870.2999348
35481.33892 870.2912268
39810.71706 870.2802876
44668.35922 870.266553
50118.72336 870.2493206
56234.13252 870.2277186
63095.73445 870.2006688
70794.57844 870.1668444
79432.82347 870.1246223
89125.09381 870.0720329
100000 870.0067109
112201.8454 869.9258542
125892.5412 869.8262028
141253.7545 869.704058
158489.3192 869.5553676
177827.941 869.3759199
199526.2315 869.1616958
223872.1139 868.9094441
251188.6432 868.6175453
281838.2931 868.2872191
316227.766 867.9240942
354813.3892 867.5400904
398107.1706 867.1554719
446683.5922 866.8008308
501187.2336 866.5187122
562341.3252 866.3646376
630957.3445 866.4074649
707945.7844 866.7293035
794328.2347 867.4254869
891250.9381 868.6052686
1000000 870.3938618
1122018.454 872.9362215
1258925.412 876.4026558
1412537.545 880.9960784
1584893.192 886.9605193
1778279.41 894.5903959
1995262.315 904.2399323
2238721.139 916.331958
2511886.432 931.3650588
2818382.931 949.9177291
3162277.66 972.6478283
3548133.892 1000.285402
3981071.706 1033.616927
4466835.922 1073.459421
5011872.336 1120.623639
5623413.252 1175.866711
6309573.445 1239.835716
7079457.844 1313.004509
7943282.347 1395.60661
8912509.381 1487.567273
10000000 1588.439143
11220184.54 1697.348584
12589254.12 1812.963819
14125375.45 1933.499423
15848931.92 2056.771514
17782794.1 2180.311665
19952623.15 2301.534848
22387211.39 2417.940849
25118864.32 2527.315693
28183829.31 2627.895747
31622776.6 2718.465133
35481338.92 2798.374037
39810717.06 2867.484558
44668359.22 2926.06487
50118723.36 2974.657983
56234132.52 3013.948845
63095734.45 3044.646463
70794578.44 3067.389645
79432823.47 3082.678489
89125093.81 3090.82959
100000000 3091.951081
112201845.4 3085.9334
125892541.2 3072.452708
141253754.5 3050.985807
158489319.2 3020.837779
177827941 2981.185774
199526231.5 2931.143598
223872113.9 2869.850963
251188643.2 2796.58768
281838293.1 2710.906428
316227766 2612.76896
354813389.2 2502.662159
398107170.6 2381.666189
446683592.2 2251.450926
501187233.6 2114.190194
562341325.2 1972.40288
630957344.5 1828.748801
707945784.4 1685.817571
794328234.7 1545.947031
891250938.1 1411.095885
1000000000 1282.779024
