# x y  (written by maestro2tex)
1 0.0005762421908
8 -0.0006716082593
15 0.0008651697402
22 0.0006346183037
29 0.0008291823385
36 0.0001926407621
43 0.0007423873874
50 0.0006101101678
57 0.0008241408485
64 -0.01347821338
71 0.0007777065237
78 0.0007261575928
85 0.0007150189938
92 0.0004831608136
99 0.0007635804074
106 0.000666793204
113 0.0008248203658
120 -6.412517384e-05
127 0.001173469688
134 0.000614158056
141 0.0007383469385
148 0.0002469947134
155 0.0008081814774
162 0.0005648679513
169 0.0007086154604
176 -0.001837516429
183 0.0009084519221
190 0.0009478389733
197 0.0007371218712
204 0.0004013607726
211 0.000800562151
218 0.000751164465
225 0.0008253585156
232 -0.0003057279205
239 0.001072525588
246 0.0009255380289
253 0.001127633472
260 0.0001861791848
267 0.0007272060932
274 0.0005484631506
281 0.0007259379341
288 -0.005877723642
295 0.0007916119445
302 0.0007528180314
309 0.0007708792079
316 0.0005793157754
323 0.0007205390265
330 0.0005908885844
337 0.0007028079054
344 -0.0002937341954
351 0.001021801514
358 0.0007149980125
365 0.0008650451253
372 0.0004525619552
379 0.0010029792
386 0.0005988181775
393 0.0007237181556
400 -0.002207153659
407 0.000874567029
414 0.0008939038004
421 0.0007678844383
428 0.0004713491003
435 0.0008746961368
442 0.0008417990479
449 0.0008179194815
456 -0.0003977120222
463 0.00103750784
470 0.0008415678436
477 0.00102087354
484 0.0004805373178
491 0.001005904757
498 0.0009082457064
505 0.001107309232
512 -0.1174232043
519 0.0007803473634
526 0.000720219454
533 0.0006899608514
540 0.0004515382437
547 0.000697305316
554 0.0005887750528
561 0.0007160433069
568 -0.0002118475797
575 0.001070405945
582 0.0006163016529
589 0.0007409479383
596 0.0002703517705
603 0.0008196472306
610 0.0006069673406
617 0.0007530505273
624 -0.001629784552
631 0.000975608578
638 0.001021040678
645 0.0006857121315
652 0.0003391129534
659 0.000719988539
666 0.0006569293453
673 0.0006930830691
680 -0.0004714963462
687 0.0009444477479
694 0.0007658489128
701 0.0009677749582
708 0.0002858639122
715 0.0008108691949
722 0.0006542094754
729 0.0008448407812
736 -0.004513886048
743 0.0009532741255
750 0.0009246823238
757 0.0009554473427
764 0.0007833600372
771 0.0007514826274
778 0.0006195531424
785 0.0007084486759
792 -0.0003365864808
799 0.001032990548
806 0.0006821366249
813 0.0008217589631
820 0.0003764128217
827 0.0009467736481
834 0.0006224472816
841 0.0007466173878
848 -0.002056234337
855 0.000916156748
862 0.0009339848768
869 0.0008330074429
876 0.0005368197482
883 0.0009523880789
890 0.0009207123677
897 0.0008016226208
904 -0.0004531034178
911 0.001032009685
918 0.0008047674906
925 0.0009781242517
932 0.0003873664602
939 0.0009207584795
946 0.0007987840347
953 0.0009929777692
960 -0.01012643685
967 0.001020467386
974 0.000955337242
981 0.0009544943508
988 0.0007313614565
995 0.001034768511
1002 0.0009235101793
1009 0.001086040046
1016 0.0002420386625
1023 0.001403649069
1030 0.0006031000968
1037 0.0007333332593
1044 0.0002338938668
1051 0.0007990864293
1058 0.0005312385726
1065 0.0006759245603
1072 -0.001969080953
1079 0.0008828928252
1086 0.0009234903679
1093 0.0006654399231
1100 0.0003255839677
1107 0.0007186094972
1114 0.0006590539935
1121 0.0007112132573
1128 -0.0004310315454
1135 0.0009749267366
1142 0.0008151829508
1149 0.001020276277
1156 0.000185745938
1163 0.0007221173372
1170 0.0005408280345
1177 0.0007224676836
1184 -0.005617576075
1191 0.0007998500931
1198 0.0007626242008
1205 0.0007757400027
1212 0.0005894980803
1219 0.0007569690132
1226 0.0006263972593
1233 0.0007402626748
1240 -0.0002336671361
1247 0.001066790427
1254 0.0007819060331
1261 0.0009269312488
1268 0.0005175895902
1275 0.001069185607
1282 0.0005448063978
1289 0.0006706463528
1296 -0.002341024562
1303 0.0008223791942
1310 0.0008373838953
1317 0.0006843661136
1324 0.0003789630189
1331 0.0007784775584
1338 0.0007537719814
1345 0.0006836247703
1352 -0.0005471287848
1359 0.0009183764601
1366 0.0007117018918
1373 0.0008924783394
1380 0.000324061641
1387 0.0008486921202
1394 0.0007469392925
1401 0.0009485629528
1408 -0.02388658096
1415 0.0008622593527
1422 0.0008005330512
1429 0.0007724495885
1436 0.0005277419317
1443 0.000796943123
1450 0.0006885531838
1457 0.0008326099558
1464 -7.365138229e-05
1471 0.001166987751
1478 0.0007879402516
1485 0.0009040810392
1492 0.0004417148074
1499 0.0009879636923
1506 0.0008049091005
1513 0.0009368237967
1520 -0.001275543796
1527 0.001156246339
1534 0.001193007865
1541 0.0007241758205
1548 0.0003724838959
1555 0.0007579834423
1562 0.0006912825905
1569 0.0007039580954
1576 -0.0004760085673
1583 0.0009585407313
1590 0.0007820857994
1597 0.0009803922927
1604 0.0002543333452
1611 0.0007816233409
1618 0.0006232659799
1625 0.000804144553
1632 -0.004983769091
1639 0.000884001231
1646 0.0008643702559
1653 0.0008982751034
1660 0.0007196343049
1667 0.0007720480613
1674 0.0006403489982
1681 0.0007324679392
1688 -0.000302490591
1695 0.001050821047
1702 0.0007178690985
1709 0.0008640411471
1716 0.0004264780835
1723 0.0009856107139
1730 0.0006927253183
1737 0.0008138034445
1744 -0.001932440048
1751 0.0009743106184
1758 0.0009930670842
1765 0.0009111097989
1772 0.0006214257608
1779 0.001031696102
1786 0.000999589686
1793 0.0007888678132
1800 -0.0004730362167
1807 0.001024706349
1814 0.0007954761625
1821 0.0009787350464
1828 0.0003586896758
1835 0.000893249443
1842 0.0007565935013
1849 0.000956321116
1856 -0.01185364219
1863 0.0009451019168
1870 0.0008816371276
1877 0.0008767395383
1884 0.0006461566742
1891 0.0009352087536
1898 0.0008225326838
1905 0.0009782327737
1912 0.0001136031638
1919 0.001308901275
1926 0.0008507579133
1933 0.0009668236978
1940 0.0004786806293
1947 0.00101767877
1954 0.000789104991
1961 0.00092996649
1968 -0.001508525016
1975 0.00112688384
1982 0.001163929287
1989 0.0009915641984
1996 0.0006583213813
2003 0.001039906513
2010 0.0009872108219
2017 0.001071258192
2024 -4.777589977e-05
2031 0.001301512981
2038 0.00115072486
2045 0.001340635931
2048 -0.4239280996
2052 0.0002201403172
2059 0.0007697423252
2066 0.0005890946394
2073 0.0007705136567
2080 -0.005985906865
2087 0.0008359077486
2094 0.0007947016059
2101 0.000814557336
2108 0.000617614793
2115 0.0007419418252
2122 0.0006141562721
2129 0.0007232476907
2136 -0.0002851105563
2143 0.001042860606
2150 0.000732760494
2157 0.0008898122556
2164 0.0004727504363
2171 0.001031468544
2178 0.0005795420526
2185 0.0007066836096
2192 -0.00226652807
2199 0.0008589576508
2206 0.0008790999722
2213 0.0007412850205
2220 0.0004410427821
2227 0.0008405895954
2234 0.0008099036449
2241 0.0007620664751
2248 -0.0004613503992
2255 0.0009930871888
2262 0.0007967483771
2269 0.0009814750465
2276 0.0004309707103
2283 0.0009571009663
2290 0.0008527581559
2297 0.001060535923
2304 -0.05578741246
2311 0.0008401700795
2318 0.0007777169505
2325 0.0007488061923
2332 0.0005069767165
2339 0.0007539829966
2346 0.0006434997772
2353 0.0007761021702
2360 -0.00014540347
2367 0.001128048258
2374 0.0006923808627
2381 0.0008116243763
2388 0.0003438591579
2395 0.0008902494052
2402 0.000684348831
2409 0.0008197333552
2416 -0.001523872451
2423 0.001040412164
2430 0.00108165826
2437 0.000783856665
2444 0.0004343779629
2451 0.0008144647926
2458 0.0007407732952
2465 0.0007869221764
2472 -0.0003693729418
2479 0.00104144815
2486 0.0008675847902
2493 0.00107034109
2500 0.0004084834134
2507 0.0009351785729
2514 0.0007790206831
2521 0.0009666091337
2528 -0.004221353706
2535 0.00107336871
2542 0.001047082557
2549 0.001081946046
2556 0.0009069091714
2563 0.0007710881768
2570 0.0006443329934
2577 0.0007315554274
2584 -0.000326535788
2591 0.001059676803
2598 0.0007035749263
2605 0.0008446984465
2612 0.0004015465522
2619 0.0009691958027
2626 0.0006200018526
2633 0.0007414920292
2640 -0.002101291986
2647 0.0009075243012
2654 0.0009238104606
2661 0.0008134206016
2668 0.0005268300989
2675 0.0009423761172
2682 0.0009097183811
2689 0.0007462872989
2696 -0.0005092025098
2703 0.0009843278269
2710 0.0007526357025
2717 0.0009394088899
2724 0.0003372796894
2731 0.0008737551747
2738 0.0007473275558
2745 0.0009466862552
2752 -0.01100943007
2759 0.000954470476
2766 0.0008851190142
2773 0.0008827882702
2780 0.0006576187967
2787 0.0009591196578
2794 0.0008514359173
2801 0.001013149327
2808 0.0001575063148
2815 0.001339565293
2822 0.0007764854388
2829 0.0008941078915
2836 0.000398725113
2843 0.0009547912931
2850 0.0007013373172
2857 0.0008390781862
2864 -0.001730919097
2871 0.001027272586
2878 0.001066679526
2885 0.0008446498013
2892 0.0005015639742
2899 0.0008956373033
2906 0.0008392147723
2913 0.0009043353964
2920 -0.0002357834341
2927 0.001141419241
2934 0.0009909209244
2941 0.001189785817
2948 0.0004413595091
2955 0.0009686627487
2962 0.0007963518521
2969 0.0009679335846
2976 -0.00507454923
2983 0.001041828643
2990 0.001007918657
2997 0.001025917821
3004 0.0008371127875
3011 0.001036189493
3018 0.0009041118309
3025 0.001007510683
3032 4.625357298e-05
3039 0.001318743443
3046 0.00104846575
3053 0.001187710562
3060 0.0007828228397
3067 0.001318058995
3074 0.0006935205634
3081 0.0008265336124
3088 -0.00222310221
3095 0.0009790729908
3102 0.0009975223569
3109 0.0008400637624
3116 0.000532806797
3123 0.0009332045031
3130 0.000904358518
3137 0.0008116842363
3144 -0.0004260605895
3151 0.001054520226
3158 0.0008432495363
3165 0.001025319745
3172 0.0004454033804
3179 0.0009853963004
3186 0.0008792720484
3193 0.001079946867
3200 -0.02672995248
3207 0.000957862507
3214 0.0008950772442
3221 0.0008645816302
3228 0.000629347499
3235 0.0008916160519
3242 0.0007818167001
3249 0.0009185663318
3256 3.331393344e-06
3263 0.001254177251
3270 0.0008501027349
3277 0.0009614195037
3284 0.0005012689711
3291 0.001051111168
3298 0.000862913679
3305 0.00100002986
3312 -0.001268684702
3319 0.001216129146
3326 0.001257892178
3333 0.0008609031425
3340 0.0005058166485
3347 0.000893665735
3354 0.0008291660363
3361 0.000846962383
3368 -0.0003314784333
3375 0.001091661309
3382 0.000915808717
3389 0.001117227943
3396 0.0004111642039
3403 0.0009379151511
3410 0.0007841733414
3417 0.0009685605014
3424 -0.004655015883
3431 0.001058131715
3438 0.001027960068
3445 0.00106286592
3452 0.0008817196832
3459 0.0009695313075
3466 0.0008334760794
3473 0.0009276761556
3480 -0.0001017775841
3487 0.001231383266
3494 0.0009052668908
3501 0.001050197588
3508 0.0006155081363
3515 0.001167555351
3522 0.0008929906742
3529 0.001015570214
3536 -0.001696958608
3543 0.001177576636
3550 0.001194514104
3557 0.001115771227
3564 0.0008226110856
3571 0.001232301521
3578 0.001197814334
3585 0.0009153515079
3592 -0.0003509971179
3599 0.001164891532
3606 0.0009288463521
3613 0.001111011503
3620 0.00048078442
3627 0.001022647356
3634 0.0008856847584
3641 0.001094784876
3648 -0.01243356664
3655 0.001061637294
3662 0.001000295108
3669 0.000989265477
3676 0.0007547568864
3683 0.001034540765
3690 0.0009227905112
3697 0.001081353806
3704 0.0002021661846
3711 0.001412960401
3718 0.0009068736203
3725 0.001029063962
3732 0.0005364788666
3739 0.001084507846
3746 0.0008527534916
3753 0.0009941352692
3760 -0.001495157697
3767 0.001188284394
3774 0.001227034215
3781 0.001035207974
3788 0.0006968707296
3795 0.001082548321
3802 0.001027532208
3809 0.001103940499
3816 -1.889385504e-05
3823 0.001345572841
3830 0.001192726485
3837 0.001389563952
3844 0.0005640904139
3851 0.001098018837
3858 0.0009132131967
3865 0.00108985898
3872 -0.005319395643
3879 0.001153128209
3886 0.001108832492
3893 0.001115977998
3900 0.0009222588531
3907 0.001079411711
3914 0.0009488704082
3921 0.001057178131
3928 7.25693472e-05
3935 0.001371722705
3942 0.001076595439
3949 0.001215753558
3956 0.0008022609318
3963 0.001348208014
3970 0.000997133941
3977 0.001110585197
3984 -0.001776532976
3991 0.001256454036
3998 0.00126101919
4005 0.001137224729
4012 0.0008378102087
4019 0.001238583452
4026 0.001195800054
4033 0.001193681377
4040 -1.884068668e-05
4047 0.001399816834
4054 0.001199299125
4061 0.001372774397
4068 0.0008388925393
4075 0.001349678652
4082 0.001246447795
4089 0.001435131014
4095 0.001645570593
