# x y  (written by maestro2tex)
0 0
8 -5.526419887
16 -5.5263053
24 -7.851202194
32 -5.525986743
40 -9.498121939
48 -7.850463476
56 -8.542465494
64 -5.524781751
72 -10.32366202
80 -9.496179328
88 -11.02182476
96 -7.847723109
104 -11.02058637
112 -8.538694054
120 -8.407232539
128 -5.519996804
136 -10.73272644
144 -10.31747141
152 -12.26378773
160 -9.488587527
168 -13.09639133
176 -11.01255205
184 -11.29660968
192 -7.83686833
200 -12.25703409
208 -11.00767232
216 -12.12427213
224 -8.523863505
232 -11.28865282
240 -8.390167711
248 -7.845864113
256 -5.500878347
264 -10.91984846
272 -10.71073442
280 -12.86771345
288 -10.29287373
296 -14.11931873
304 -12.23615473
312 -12.73004643
320 -9.458314677
328 -14.11131706
336 -13.06256886
344 -14.39693443
352 -10.9757045
360 -13.97265382
368 -11.25623673
376 -10.91545516
384 -7.79351281
392 -12.83767929
400 -12.20925726
408 -13.9581739
416 -10.95622731
424 -14.3722829
432 -12.06852232
440 -12.14389976
448 -8.46468214
456 -12.68591237
464 -11.22453063
472 -12.13226792
480 -8.322201953
488 -10.87704233
496 -7.773336632
504 -7.022364945
512 -5.424439174
520 -10.94415708
528 -10.83707449
536 -13.09787288
544 -10.62294852
552 -14.55702444
560 -12.77394833
568 -13.3720349
576 -10.19459929
584 -14.9626117
592 -14.01412481
600 -15.45691377
608 -12.12589306
616 -15.23837996
624 -12.61361197
632 -12.3748639
640 -9.337318936
648 -14.51085052
656 -13.98217268
664 -15.84610815
672 -12.92752933
680 -16.47083492
688 -14.25465039
696 -14.43527207
704 -10.82850036
712 -15.18713625
720 -13.81705843
728 -14.83754369
736 -11.09509122
744 -13.77767329
752 -10.74727516
760 -10.09282834
768 -7.62020973
776 -12.97228264
784 -12.65401588
792 -14.71847621
800 -12.01842946
808 -15.76075131
816 -13.7583559
824 -14.14750866
832 -10.75066854
840 -15.31792944
848 -14.15621286
856 -15.38798949
864 -11.84591078
872 -14.74501501
880 -11.91273859
888 -11.46393711
896 -8.228175078
904 -13.17449073
912 -12.43737942
920 -14.08040932
928 -10.96843049
936 -14.27818519
944 -11.86629501
952 -11.8339525
960 -8.050671346
968 -12.16070846
976 -10.593895
984 -11.39249117
992 -7.483732438
1000 -9.925685485
1008 -6.723855231
1016 -5.868807642
1024 -5.118928238
1032 -10.68172633
1040 -10.62330235
1048 -12.93139439
1056 -10.5064071
1064 -14.48814701
1072 -12.75439951
1080 -13.4015124
1088 -10.27219287
1096 -15.09076037
1104 -14.1910365
1112 -15.68420205
1120 -12.39946443
1128 -15.56430855
1136 -12.98577008
1144 -12.79595715
1152 -9.801924395
1160 -15.03281259
1168 -14.55245339
1176 -16.46977661
1184 -13.5939729
1192 -17.19511663
1200 -15.02300765
1208 -15.25393519
1216 -11.68543312
1224 -16.10627694
1232 -14.78137424
1240 -15.85515247
1248 -12.14866114
1256 -14.89041004
1264 -11.89797372
1272 -11.29053974
1280 -8.853916051
1288 -14.27717347
1296 -14.00669244
1304 -16.13059207
1312 -13.4664011
1320 -17.27707617
1328 -15.31411799
1336 -15.75565171
1344 -12.38815708
1352 -17.03055662
1360 -15.9117849
1365 -23.06781707
1368 -17.20145892
1376 -13.68652352
1384 -16.65386918
1392 -13.85314092
1400 -13.45175445
1408 -10.240548
1416 -15.26973583
1424 -14.57685166
1432 -16.28224169
1440 -13.19578623
1448 -16.58065747
1456 -14.19987345
1464 -14.21788815
1472 -10.45159594
1480 -14.64437639
1488 -13.11399283
1496 -13.96980226
1504 -10.07587179
1512 -12.5887275
1520 -9.408092098
1528 -8.595539396
1536 -6.928088866
1544 -12.41943081
1552 -12.25313325
1560 -14.467289
1568 -11.9207459
1576 -15.81510109
1584 -13.96469204
1592 -14.50696305
1600 -11.25651865
1608 -15.98498563
1616 -14.97357655
1624 -16.36280735
1632 -12.96076403
1640 -16.02460184
1648 -13.33267595
1656 -13.03472051
1664 -9.929989942
1672 -15.05751354
1680 -14.46848185
1688 -16.27727291
1696 -13.29381
1704 -16.7840776
1712 -14.50516657
1720 -14.62696142
1728 -10.9573502
1736 -15.26107721
1744 -13.83085183
1752 -14.79272675
1760 -10.99026451
1768 -13.6143554
1776 -10.52542369
1784 -9.812616437
1792 -7.284126525
1800 -12.57439707
1808 -12.19768286
1816 -14.20089281
1824 -11.44560506
1832 -15.12347022
1840 -13.06518665
1848 -13.39429778
1856 -9.946429896
1864 -14.4447243
1872 -13.22672759
1880 -14.39575583
1888 -10.80513835
1896 -13.63644189
1904 -10.75422608
1912 -10.2477836
1920 -6.967155754
1928 -11.83676383
1936 -11.04391705
1944 -12.62082052
1952 -9.46430493
1960 -12.70007901
1968 -10.24071487
1976 -10.1492178
1984 -6.328328662
1992 -10.358534
2000 -8.74179219
2008 -9.476784487
2016 -5.533149302
2024 -7.902194479
2032 -4.66175149
2040 -3.753517601
2048 -3.899983723
2056 -9.460111426
2064 -9.42126878
2072 -11.7393238
2080 -9.343514474
2088 -13.32929231
2096 -11.62150515
2104 -12.28517866
2112 -9.187503462
2120 -14.00822823
2128 -13.13125156
2136 -14.63835801
2144 -11.38474608
2152 -14.55826988
2160 -12.00765039
2168 -11.83743378
2176 -8.873341624
2184 -14.10767457
2192 -13.64838519
2200 -15.57927983
2208 -12.7318405
2216 -16.34212084
2224 -14.19573251
2232 -14.44526494
2240 -10.90638225
2248 -15.33530394
2256 -14.03339539
2264 -15.12386093
2272 -11.44603053
2280 -14.20080201
2288 -11.23453108
2296 -10.64751286
2304 -8.236375345
2312 -13.66812794
2320 -13.41779547
2328 -15.55703174
2336 -12.91769437
2344 -16.74102759
2352 -14.80122628
2360 -15.26147962
2368 -11.91941517
2376 -16.57424236
2384 -15.47690355
2392 -16.7843294
2400 -13.29402083
2408 -16.27713751
2416 -13.49949615
2424 -13.11800869
2432 -9.930126211
2440 -14.97379214
2448 -14.301261
2456 -16.02475725
2464 -12.96062284
2472 -16.36257487
2480 -14.00316586
2488 -14.04075319
2496 -10.29621346
2504 -14.50650033
2512 -12.99641771
2520 -13.87151875
2528 -9.998294514
2536 -12.53007831
2544 -9.369443258
2552 -8.576338291
2560 -6.927962708
2568 -12.43886147
2576 -12.29209955
2584 -14.52626181
2592 -11.99872053
2600 -15.913906
2608 -14.08257352
2616 -14.64484617
2624 -11.41226836
2632 -16.16304244
2640 -15.1707852
2648 -16.58088429
2656 -13.1959112
2664 -16.28208269
2672 -13.60755222
2680 -13.32914056
2688 -10.24034947
2696 -15.39299262
2704 -14.82303483
2712 -16.65400166
2720 -13.68629782
2728 -17.20120417
2736 -14.93891613
2744 -15.08090331
2752 -11.42488478
2760 -15.75526318
2768 -14.34242975
2776 -15.32599982
2784 -11.53619453
2792 -14.1849766
2800 -11.10985865
2808 -10.41551024
2816 -7.900061979
2824 -13.22079773
2832 -12.86289188
2840 -14.89057585
2848 -12.14829756
2856 -15.85483682
2864 -13.81131348
2872 -14.16136239
2880 -10.72357141
2888 -15.25348413
2896 -14.05195754
2904 -15.24440647
2912 -11.66297629
2920 -14.52243005
2928 -11.65148803
2936 -11.16360032
2944 -7.89119971
2952 -12.7954411
2960 -12.01969458
2968 -13.62183033
2976 -10.47404836
2984 -13.74069677
2992 -11.29258245
3000 -11.22088525
3008 -7.405100943
3016 -11.46938818
3024 -9.866315045
3032 -10.62407408
3040 -6.684713037
3048 -9.082480481
3056 -5.849126749
3064 -4.957237923
3072 -4.174870602
3080 -9.684664705
3088 -9.587622079
3096 -11.84965769
3104 -9.393554834
3112 -13.32332366
3120 -11.55605699
3128 -12.16120784
3136 -9.005242563
3144 -13.76673422
3152 -12.83115002
3160 -14.2783602
3168 -10.96846632
3176 -14.08018207
3184 -11.473479
3192 -11.24458264
3200 -8.227725277
3208 -13.3947888
3216 -12.87749585
3224 -14.74499863
3232 -11.84549972
3240 -15.38756544
3248 -13.18769702
3256 -13.37699171
3264 -9.791291352
3272 -14.14694745
3280 -12.79048941
3288 -13.8173796
3296 -10.09537067
3304 -12.77999432
3312 -9.767327056
3320 -9.123736549
3328 -6.66892971
3336 -12.01682082
3344 -11.70909722
3352 -13.77767684
3360 -11.09453078
3368 -14.83704838
3376 -12.84928919
3384 -13.24680059
3392 -9.868552086
3400 -14.43463827
3408 -13.28538678
3416 -14.52371299
3424 -10.99972082
3432 -13.90183077
3440 -11.08541096
3448 -10.6468348
3456 -7.428628594
3464 -12.37424815
3472 -11.64837541
3480 -13.29748578
3488 -10.20174026
3496 -13.51449701
3504 -11.11694001
3512 -11.09398942
3520 -7.327981175
3528 -11.44004637
3536 -9.885700721
3544 -10.69225818
3552 -6.800097397
3560 -9.247328619
3568 -6.060307509
3576 -5.215859506
3584 -3.536095444
3592 -8.930795983
3600 -8.727560528
3608 -10.87693207
3616 -8.321433024
3624 -12.13158061
3632 -10.26313487
3640 -10.75817252
3648 -7.510248168
3656 -12.14297949
3664 -11.10452077
3672 -12.43568009
3680 -9.037996032
3688 -12.0232985
3696 -9.325652411
3704 -8.99036598
3712 -5.891838647
3720 -10.91454995
3728 -10.29412199
3736 -12.03795154
3744 -9.056973859
3752 -12.45965767
3760 -10.17231349
3768 -10.2510952
3776 -6.596783658
3784 -10.80110214
3792 -9.351747033
3800 -10.25881312
3808 -6.473086892
3816 -9.019372226
3824 -5.935434085
3832 -5.191876759
3840 -2.670077292
3848 -7.844819909
3856 -7.43499862
3864 -9.367330359
3872 -6.616936737
3880 -10.19822543
3888 -8.132539391
3896 -8.415219651
3904 -4.986687497
3912 -9.374566438
3920 -8.136963596
3928 -9.245900447
3936 -5.676339299
3944 -8.421263487
3952 -5.546794716
3960 -5.007398891
3968 -1.748712541
3976 -6.49942106
3984 -5.681159841
3992 -7.19056592
4000 -4.050987659
4008 -7.191350291
4016 -4.735218497
4024 -4.60414603
4032 -0.8149325327
4040 -4.736227913
4048 -3.109088442
4056 -3.790391801
4064 0.1205418922
4072 -2.167082074
4080 1.055023451
4088 1.987818731
4095 4.773835559
