# x y  (written by maestro2tex)
2.25 2.139841238
2.251 2.140228659
2.252 2.140613781
2.253 2.140996564
2.254 2.141377
2.255 2.141755075
2.256 2.142130781
2.257 2.142504106
2.258 2.142875039
2.259 2.14324357
2.26 2.143609687
2.261 2.14397338
2.262 2.144334638
2.263 2.144693449
2.264 2.145049805
2.265 2.145403692
2.266 2.145755102
2.267 2.146104023
2.268 2.146450444
2.269 2.146794355
2.27 2.147135745
2.271 2.147474604
2.272 2.147810921
2.273 2.148144687
2.274 2.148475891
2.275 2.148804523
2.276 2.149130573
2.277 2.149454031
2.278 2.149774889
2.279 2.150093135
2.28 2.150408763
2.281 2.150721761
2.282 2.151032122
2.283 2.151339836
2.284 2.151644897
2.285 2.151947294
2.286 2.152247022
2.287 2.152544072
2.288 2.152838437
2.289 2.15313011
2.29 2.153419085
2.291 2.153705356
2.292 2.153988916
2.293 2.154269762
2.294 2.154547887
2.295 2.154823288
2.296 2.155095961
2.297 2.155365901
2.298 2.155633107
2.299 2.155897575
2.3 2.156159304
2.301 2.156418293
2.302 2.156674541
2.303 2.156928048
2.304 2.157178814
2.305 2.157426841
2.306 2.15767213
2.307 2.157914684
2.308 2.158154507
2.309 2.158391602
2.31 2.158625975
2.311 2.15885763
2.312 2.159086574
2.313 2.159312815
2.314 2.159536359
2.315 2.159757217
2.316 2.159975396
2.317 2.160190909
2.318 2.160403765
2.319 2.160613978
2.32 2.160821559
2.321 2.161026524
2.322 2.161228886
2.323 2.16142866
2.324 2.161625865
2.325 2.161820515
2.326 2.162012631
2.327 2.16220223
2.328 2.162389333
2.329 2.162573959
2.33 2.162756131
2.331 2.16293587
2.332 2.163113199
2.333 2.163288143
2.334 2.163460725
2.335 2.16363097
2.336 2.163798905
2.337 2.163964555
2.338 2.164127948
2.339 2.164289112
2.34 2.164448074
2.341 2.164604863
2.342 2.164759509
2.343 2.164912041
2.344 2.165062489
2.345 2.165210884
2.346 2.165357257
2.347 2.165501638
2.348 2.165644059
2.349 2.165784551
2.35 2.165923147
2.351 2.166059879
2.352 2.166194778
2.353 2.166327877
2.354 2.166459208
2.355 2.166588803
2.356 2.166716694
2.357 2.166842914
2.358 2.166967495
2.359 2.167090468
2.36 2.167211866
2.361 2.167331719
2.362 2.16745006
2.363 2.167566919
2.364 2.167682328
2.365 2.167796317
2.366 2.167908916
2.367 2.168020155
2.368 2.168130063
2.369 2.168238671
2.37 2.168346006
2.371 2.168452098
2.372 2.168556973
2.373 2.168660661
2.374 2.168763187
2.375 2.168864579
2.376 2.168964862
2.377 2.169064062
2.378 2.169162206
2.379 2.169259316
2.38 2.169355418
2.381 2.169450536
2.382 2.169544692
2.383 2.16963791
2.384 2.169730212
2.385 2.169821619
2.386 2.169912154
2.387 2.170001836
2.388 2.170090687
2.389 2.170178726
2.39 2.170265972
2.391 2.170352445
2.392 2.170438163
2.393 2.170523144
2.394 2.170607405
2.395 2.170690964
2.396 2.170773838
2.397 2.170856043
2.398 2.170937594
2.399 2.171018507
2.4 2.171098798
2.401 2.17117848
2.402 2.171257568
2.403 2.171336075
2.404 2.171414016
2.405 2.171491404
2.406 2.17156825
2.407 2.171644569
2.408 2.17172037
2.409 2.171795667
2.41 2.171870471
2.411 2.171944793
2.412 2.172018644
2.413 2.172092034
2.414 2.172164973
2.415 2.172237471
2.416 2.172309538
2.417 2.172381184
2.418 2.172452417
2.419 2.172523246
2.42 2.17259368
2.421 2.172663728
2.422 2.172733396
2.423 2.172802694
2.424 2.172871629
2.425 2.172940208
2.426 2.173008439
2.427 2.173076329
2.428 2.173143885
2.429 2.173211112
2.43 2.173278019
2.431 2.17334461
2.432 2.173410893
2.433 2.173476873
2.434 2.173542556
2.435 2.173607948
2.436 2.173673054
2.437 2.17373788
2.438 2.17380243
2.439 2.173866711
2.44 2.173930726
2.441 2.173994481
2.442 2.17405798
2.443 2.174121227
2.444 2.174184229
2.445 2.174246987
2.446 2.174309508
2.447 2.174371794
2.448 2.174433851
2.449 2.174495681
2.45 2.174557289
2.451 2.174618679
2.452 2.174679853
2.453 2.174740816
2.454 2.174801571
2.455 2.174862121
2.456 2.17492247
2.457 2.17498262
2.458 2.175042576
2.459 2.175102339
2.46 2.175161914
2.461 2.175221302
2.462 2.175280507
2.463 2.175339531
2.464 2.175398378
2.465 2.17545705
2.466 2.175515549
2.467 2.175573878
2.468 2.175632039
2.469 2.175690036
2.47 2.17574787
2.471 2.175805543
2.472 2.175863058
2.473 2.175920418
2.474 2.175977624
2.475 2.176034679
2.476 2.176091584
2.477 2.176148342
2.478 2.176204954
2.479 2.176261424
2.48 2.176317752
2.481 2.176373941
2.482 2.176429992
2.483 2.176485908
2.484 2.17654169
2.485 2.17659734
2.486 2.17665286
2.487 2.176708251
2.488 2.176763516
2.489 2.176818656
2.49 2.176873672
2.491 2.176928567
2.492 2.176983341
2.493 2.177037997
2.494 2.177092537
2.495 2.17714696
2.496 2.177201271
2.497 2.177255468
2.498 2.177309555
2.499 2.177363533
2.5 2.177417403
2.501 2.177471167
2.502 2.177524826
2.503 2.177578381
2.504 2.177631835
2.505 2.177685188
2.506 2.177738441
2.507 2.177791597
2.508 2.177844657
2.509 2.177897622
2.51 2.177950493
2.511 2.178003273
2.512 2.178055961
2.513 2.17810856
2.514 2.178161071
2.515 2.178213495
2.516 2.178265835
2.517 2.17831809
2.518 2.178370262
2.519 2.178422354
2.52 2.178474366
2.521 2.178526299
2.522 2.178578156
2.523 2.178629937
2.524 2.178681644
2.525 2.178733278
2.526 2.178784841
2.527 2.178836334
2.528 2.178887759
2.529 2.178939117
2.53 2.17899041
2.531 2.179041638
2.532 2.179092804
2.533 2.17914391
2.534 2.179194956
2.535 2.179245944
2.536 2.179296877
2.537 2.179347755
2.538 2.17939858
2.539 2.179449354
2.54 2.179500078
2.541 2.179550755
2.542 2.179601386
2.543 2.179651973
2.544 2.179702518
2.545 2.179753022
2.546 2.179803488
2.547 2.179853918
2.548 2.179904313
2.549 2.179954675
2.55 2.180005008
2.551 2.180055312
2.552 2.18010559
2.553 2.180155845
2.554 2.180206078
2.555 2.180256292
2.556 2.18030649
2.557 2.180356673
2.558 2.180406845
2.559 2.180457008
2.56 2.180507166
2.561 2.180557319
2.562 2.180607473
2.563 2.180657628
2.564 2.180707789
2.565 2.180757959
2.566 2.180808141
2.567 2.180858338
2.568 2.180908554
2.569 2.180958791
2.57 2.181009055
2.571 2.181059348
2.572 2.181109675
2.573 2.181160039
2.574 2.181210444
2.575 2.181260895
2.576 2.181311397
2.577 2.181361953
2.578 2.181412569
2.579 2.181463249
2.58 2.181513998
2.581 2.181564822
2.582 2.181615726
2.583 2.181666715
2.584 2.181717795
2.585 2.181768972
2.586 2.181820251
2.587 2.181871641
2.588 2.181923146
2.589 2.181974774
2.59 2.182026531
2.591 2.182078425
2.592 2.182130463
2.593 2.182182653
2.594 2.182235003
2.595 2.182287521
2.596 2.182340215
2.597 2.182393095
2.598 2.182446169
2.599 2.182499446
2.6 2.182552938
2.601 2.182606652
2.602 2.182660601
2.603 2.182714794
2.604 2.182769242
2.605 2.182823957
2.606 2.18287895
2.607 2.182934235
2.608 2.182989822
2.609 2.183045726
2.61 2.183101959
2.611 2.183158534
2.612 2.183215467
2.613 2.183272772
2.614 2.183330464
2.615 2.183388558
2.616 2.183447069
2.617 2.183506015
2.618 2.183565413
2.619 2.183625278
2.62 2.18368563
2.621 2.183746486
2.622 2.183807866
2.623 2.183869788
2.624 2.183932271
2.625 2.183995337
2.626 2.184059006
2.627 2.184123298
2.628 2.184188237
2.629 2.184253843
2.63 2.184320139
2.631 2.184387148
2.632 2.184454894
2.633 2.184523401
2.634 2.184592694
2.635 2.184662796
2.636 2.184733733
2.637 2.184805531
2.638 2.184878217
2.639 2.184951815
2.64 2.185026353
2.641 2.185101858
2.642 2.185178357
2.643 2.185255878
2.644 2.185334448
2.645 2.185414095
2.646 2.185494848
2.647 2.185576734
2.648 2.185659782
2.649 2.18574402
2.65 2.185829477
2.651 2.18591618
2.652 2.186004158
2.653 2.186093438
2.654 2.186184049
2.655 2.186276018
2.656 2.186369373
2.657 2.18646414
2.658 2.186560346
2.659 2.186658016
2.66 2.186757177
2.661 2.186857854
2.662 2.186960071
2.663 2.187063852
2.664 2.18716922
2.665 2.187276197
2.666 2.187384806
2.667 2.187495067
2.668 2.187606999
2.669 2.187720623
2.67 2.187835956
2.671 2.187953015
2.672 2.188071817
2.673 2.188192376
2.674 2.188314708
2.675 2.188438824
2.676 2.188564736
2.677 2.188692456
2.678 2.188821994
2.679 2.188953357
2.68 2.189086553
2.681 2.189221589
2.682 2.189358469
2.683 2.189497198
2.684 2.189637779
2.685 2.189780213
2.686 2.189924502
2.687 2.190070644
2.688 2.190218638
2.689 2.190368483
2.69 2.190520174
2.691 2.190673707
2.692 2.190829076
2.693 2.190986276
2.694 2.191145299
2.695 2.191306137
2.696 2.19146878
2.697 2.19163322
2.698 2.191799446
2.699 2.191967446
2.7 2.192137208
2.701 2.192308721
2.702 2.19248197
2.703 2.192656942
2.704 2.192833623
2.705 2.193011998
2.706 2.193192051
2.707 2.193373767
2.708 2.19355713
2.709 2.193742122
2.71 2.193928728
2.711 2.19411693
2.712 2.194306711
2.713 2.194498052
2.714 2.194690937
2.715 2.194885346
2.716 2.195081262
2.717 2.195278667
2.718 2.195477541
2.719 2.195677866
2.72 2.195879625
2.721 2.196082797
2.722 2.196287364
2.723 2.196493308
2.724 2.196700609
2.725 2.19690925
2.726 2.197119212
2.727 2.197330475
2.728 2.197543023
2.729 2.197756835
2.73 2.197971895
2.731 2.198188183
2.732 2.198405683
2.733 2.198624375
2.734 2.198844243
2.735 2.199065269
2.736 2.199287435
2.737 2.199510724
2.738 2.199735119
2.739 2.199960603
2.74 2.20018716
2.741 2.200414773
2.742 2.200643426
2.743 2.200873103
2.744 2.201103787
2.745 2.201335464
2.746 2.201568117
2.747 2.201801731
2.748 2.202036292
2.749 2.202271784
2.75 2.202508193
