# x y  (written by maestro2tex)
0 0
8 -0.01852175833
16 -0.0374458541
24 -0.08518292459
32 -0.07680133321
40 -0.1759329198
48 -0.1732702408
56 -0.2282679309
64 -0.1585221042
72 -0.3505809791
80 -0.3574617551
88 -0.4696447425
96 -0.3539315374
104 -0.5541740782
112 -0.4651875901
120 -0.5102231258
128 -0.3278810589
136 -0.7008650149
144 -0.7124414549
152 -0.9152603671
160 -0.7277755888
168 -1.075031238
176 -0.9531484588
184 -1.05206705
192 -0.723776456
200 -1.199997239
208 -1.124880396
216 -1.31794734
224 -0.9486849116
232 -1.321567344
240 -1.039941343
248 -1.054222858
256 -0.6772352789
264 -1.409489514
272 -1.423203562
280 -1.795242609
288 -1.447538956
296 -2.067027346
304 -1.853719331
312 -2.029502616
320 -1.480407713
328 -2.285704113
336 -2.174974154
344 -2.502204427
352 -1.932513216
360 -2.543117916
368 -2.130973586
376 -2.18472
384 -1.476056816
392 -2.496693593
400 -2.428037536
408 -2.882603125
416 -2.278659827
424 -3.073280137
432 -2.664903569
440 -2.80941411
448 -1.927752712
456 -2.940250655
464 -2.673039795
472 -3.004434694
480 -2.110742987
488 -2.814711115
496 -2.139468934
504 -2.08797576
512 -1.386025427
520 -2.834813271
528 -2.848851903
536 -3.552846881
544 -2.876117139
552 -4.028379673
560 -3.619111638
568 -3.932802384
576 -2.924122276
584 -4.365623955
592 -4.1612515
600 -4.730814229
608 -3.734516415
616 -4.788544293
624 -4.08496206
632 -4.183150309
640 -2.987144713
648 -4.701298594
656 -4.594960412
664 -5.349711585
672 -4.372637002
680 -5.670970572
688 -5.025088302
696 -5.27131879
704 -3.885611805
712 -5.504293371
720 -5.103872997
728 -5.641759361
736 -4.27884989
744 -5.391692753
752 -4.384364546
760 -4.339345742
768 -2.966551748
776 -5.07032858
784 -5.003270104
792 -5.961990228
800 -4.86382771
808 -6.468649154
816 -5.769365105
824 -6.129069481
832 -4.56035129
840 -6.544017217
848 -6.144796019
856 -6.853724754
864 -5.3260342
872 -6.714190875
880 -5.611570435
888 -5.642248529
896 -3.847185731
904 -6.128199983
912 -5.866009294
920 -6.792830167
928 -5.328593873
936 -6.990605918
944 -5.986559818
952 -6.200764426
960 -4.197551544
968 -6.26361012
976 -5.599253306
984 -6.194637839
992 -4.246210762
1000 -5.603151895
1008 -4.138693647
1016 -3.953782383
1024 -2.727636197
1032 -5.604571164
1040 -5.615719527
1048 -6.977625506
1056 -5.638256911
1064 -7.846872397
1072 -7.038328952
1080 -7.617807605
1088 -5.681066579
1096 -8.379883907
1104 -7.975706347
1112 -9.014328774
1120 -7.152073929
1128 -9.073621054
1136 -7.771711631
1144 -7.939894773
1152 -5.750873053
1160 -8.825397525
1168 -8.621799163
1176 -9.950572348
1184 -8.20640685
1192 -10.48097567
1200 -9.335814539
1208 -9.756134494
1216 -7.339007871
1224 -10.1316249
1232 -9.435009805
1240 -10.34994858
1248 -8.022048659
1256 -9.911186054
1264 -8.209450456
1272 -8.140305172
1280 -5.813016339
1288 -9.334206437
1296 -9.22543304
1304 -10.81578516
1312 -9.003717493
1320 -11.64509164
1328 -10.50027584
1336 -11.09133137
1344 -8.5402486
1352 -11.76239832
1360 -11.12098638
1368 -12.2669237
1376 -9.821423619
1384 -12.05011802
1392 -10.30182416
1400 -10.36438368
1408 -7.525477726
1416 -11.1437876
1424 -10.74398806
1432 -12.21179048
1440 -9.933220908
1448 -12.54172261
1456 -10.99428479
1464 -11.34476102
1472 -8.262695764
1480 -11.47228462
1488 -10.47026543
1496 -11.40580801
1504 -8.447620062
1512 -10.545784
1520 -8.344499663
1528 -8.096434564
1536 -5.590703772
1544 -9.846653766
1552 -9.773599674
1560 -11.7239645
1568 -9.625514165
1576 -12.82426984
1584 -11.52304408
1592 -12.28497519
1600 -9.317833181
1608 -13.20104733
1616 -12.50316189
1624 -13.92348254
1632 -11.09292978
1640 -13.79488684
1648 -11.79422765
1656 -11.93611065
1664 -8.649796192
1672 -12.99060638
1680 -12.58874271
1688 -14.38992023
1696 -11.77573298
1704 -14.92045472
1712 -13.1717186
1720 -13.65860251
1728 -10.1084153
1736 -13.95800734
1744 -12.85766655
1752 -14.03456548
1760 -10.64112381
1768 -13.18350687
1776 -10.6834477
1784 -10.4760019
1792 -7.085737159
1800 -11.88153222
1808 -11.61322283
1816 -13.70095326
1824 -11.0707276
1832 -14.5997161
1840 -12.89749502
1848 -13.58822548
1856 -9.958733121
1864 -14.25365459
1872 -13.24974823
1880 -14.68729894
1888 -11.22747634
1896 -14.13298013
1904 -11.63234924
1912 -11.59211647
1920 -7.618568063
1928 -12.38042286
1936 -11.71271249
1944 -13.55673436
1952 -10.36608914
1960 -13.7316079
1968 -11.52873911
1976 -11.86557012
1984 -7.623424461
1992 -11.7666963
2000 -10.30252091
2008 -11.41067269
2016 -7.360712585
2024 -10.00456334
2032 -6.967443771
2040 -6.511769169
2048 -4.460898245
2056 -10.16770746
2064 -10.1649489
2072 -12.82473619
2080 -10.16005946
2088 -14.45633787
2096 -12.84445427
2104 -13.94044703
2112 -10.14944161
2120 -15.332045
2128 -14.51844313
2136 -16.47436211
2144 -12.87965566
2152 -16.50792614
2160 -14.0036742
2168 -14.29485228
2176 -10.11846903
2184 -15.87461661
2192 -15.46039973
2200 -17.90890026
2208 -14.62503065
2216 -18.81529547
2224 -16.66045979
2232 -17.40504589
2240 -12.9226718
2248 -18.01975033
2256 -16.7140581
2264 -18.35286067
2272 -14.09065158
2280 -17.49299447
2288 -14.39184468
2296 -14.24995346
2304 -10.00268712
2312 -16.30375827
2320 -16.08559938
2328 -18.89789323
2336 -15.64575807
2344 -20.30816086
2352 -18.25318192
2360 -19.27155172
2368 -14.74847784
2376 -20.38711054
2384 -19.23561761
2392 -21.21217371
2400 -16.92147435
2408 -20.77640442
2416 -17.71969265
2424 -17.8106673
2432 -12.87585267
2440 -19.09768361
2448 -18.39025241
2456 -20.88771045
2464 -16.96652814
2472 -21.40243137
2480 -18.74575927
2488 -19.32549308
2496 -14.07877147
2504 -19.50074492
2512 -17.79336153
2520 -19.35709234
2528 -14.37012145
2536 -17.88470631
2544 -14.19122187
2552 -13.77584569
2560 -9.522203714
2568 -16.60700267
2576 -16.47818221
2584 -19.70320028
2592 -16.21899093
2600 -21.49233348
2608 -19.3347303
2616 -20.57818992
2624 -15.69077545
2632 -22.04738483
2640 -20.89267574
2648 -23.19954387
2656 -18.57335582
2664 -22.96000674
2672 -19.70090826
2680 -19.92520143
2688 -14.58832117
2696 -21.59686434
2704 -20.93998547
2712 -23.83011078
2720 -19.61866095
2728 -24.65528396
2736 -21.84496085
2744 -22.61685735
2752 -16.94135407
2760 -23.07266766
2768 -21.31593304
2776 -23.18022589
2784 -17.79555635
2792 -21.82015395
2800 -17.86884646
2808 -17.54637392
2816 -12.18290531
2824 -19.73341589
2832 -19.31302949
2840 -22.58738759
2848 -18.46724114
2856 -23.98535638
2864 -21.32610384
2872 -22.40381991
2880 -16.7520135
2888 -23.43066202
2896 -21.87239227
2904 -24.10095723
2912 -18.74795019
2920 -23.24192248
2928 -19.38733929
2936 -19.33346998
2944 -13.21839933
2952 -20.54596509
2960 -19.52798571
2968 -22.36040897
2976 -17.48365515
2984 -22.63520369
2992 -19.2805541
3000 -19.80439246
3008 -13.35656326
3016 -19.66885469
3024 -17.45787564
3032 -19.15133235
3040 -13.03377567
3048 -17.04971421
3056 -12.48165552
3064 -11.81746429
3072 -7.438919194
3080 -15.91890266
3088 -15.8155882
3096 -19.69810936
3104 -15.60835515
3112 -21.92101996
3120 -19.40985335
3128 -20.93609682
3136 -15.18810622
3144 -22.77843964
3152 -21.46092887
3160 -24.2458219
3168 -18.8178088
3176 -24.0653553
3184 -20.26050219
3192 -20.58024176
3200 -14.31730022
3208 -22.66273162
3216 -21.94089564
3224 -25.41146292
3232 -20.49079813
3240 -26.49548746
3248 -23.23329831
3256 -24.20127978
3264 -17.56026356
3272 -24.85223998
3280 -22.8385446
3288 -25.09506279
3296 -18.80749417
3304 -23.61030331
3312 -19.01638477
3320 -18.69871387
3328 -12.4400904
3336 -21.39143786
3344 -20.95912462
3352 -24.87335137
3360 -20.09036784
3368 -26.64111401
3376 -23.57874947
3384 -24.90904841
3392 -18.33275345
3400 -26.24164622
3408 -24.47680823
3413 -37.06449471
3416 -27.1578747
3424 -20.94173922
3432 -26.28081344
3440 -21.8267433
3448 -21.831807
3456 -14.72866509
3464 -23.38663836
3472 -22.26266822
3480 -25.65011296
3488 -20.00792152
3496 -26.11017926
3504 -22.25349188
3512 -22.93838447
3520 -15.46516275
3528 -22.92226725
3536 -20.40930859
3544 -22.46290133
3552 -15.38562823
3560 -20.15425988
3568 -14.89253226
3576 -14.19372806
3584 -8.105387075
3592 -17.80748162
3600 -17.5011344
3608 -21.83210595
3616 -16.88599249
3624 -24.03302067
3632 -20.92393415
3640 -22.50282992
3648 -15.64217532
3656 -24.24695446
3664 -22.52460215
3672 -25.55040886
3680 -19.07462871
3688 -24.94241168
3696 -20.34878609
3704 -20.5197894
3712 -13.09317838
3720 -22.51611492
3728 -21.48282461
3736 -25.27418809
3744 -19.4098478
3752 -26.10788344
3760 -22.15411987
3768 -23.05906754
3776 -15.23346495
3784 -23.38899107
3792 -20.87349904
3800 -23.24790092
3808 -15.84468037
3816 -21.12895844
3824 -15.66972205
3832 -15.09887031
3840 -7.733099346
3848 -17.73849568
3856 -17.03374762
3864 -21.27850001
3872 -15.61924064
3880 -22.85597553
3888 -19.1573199
3896 -20.45091295
3904 -12.76621529
3912 -21.52421173
3920 -19.30297165
3928 -22.11935876
3936 -14.85900734
3944 -20.68103823
3952 -15.42108695
3960 -15.2055013
3968 -6.955200309
3976 -16.51411879
3984 -15.02215492
3992 -18.61634727
4000 -12.03241782
4008 -18.67967105
4016 -14.11176355
4024 -14.65460024
4032 -6.024248356
4040 -14.18036086
4048 -11.1298835
4056 -13.20576703
4064 -5.037510149
4072 -10.15777636
4080 -4.032174005
4088 -3.022175745
4095 0
