# x y  (written by maestro2tex)
0 0
8 0.003476124808
16 0.005755578378
24 0.009735185005
32 0.009101306828
40 0.01290968816
48 0.0158449631
56 0.02057955304
64 0.0133426635
72 0.01711397855
80 0.01972551816
88 0.02402566241
96 0.02434599952
104 0.02876398206
112 0.03256235878
120 0.03811052845
128 0.01682295605
136 0.0205960545
144 0.02309736541
152 0.02722981101
160 0.02703597299
168 0.03109797752
176 0.03434991275
184 0.03928324744
192 0.03368810132
200 0.03801420148
208 0.04121896869
216 0.04612361909
224 0.04749492308
232 0.05269282865
240 0.05726833692
248 0.06355559387
256 0.0134131334
264 0.01716701608
272 0.01963152841
280 0.02373031423
288 0.02329161841
296 0.02717241345
304 0.03020977782
312 0.03497782177
320 0.02846139671
328 0.03243277568
336 0.03522406287
344 0.03968520479
352 0.04035237885
360 0.04492390124
368 0.0488412444
376 0.05448774614
384 0.03628189665
392 0.04053356543
400 0.04353863943
408 0.04813651781
416 0.04853702038
424 0.05311085331
432 0.05693244067
440 0.06242446551
448 0.05825078054
456 0.06330631451
464 0.06721877423
472 0.07274959983
480 0.07492779776
488 0.08077423068
496 0.08605322614
504 0.09299188837
512 -0.0151874795
520 -0.01149311549
528 -0.009085264094
536 -0.005044234762
544 -0.005579259474
552 -0.001747507168
560 0.001196034183
568 0.00587159474
576 -0.001112267714
584 0.002633852475
592 0.005206179227
600 0.009458896558
608 0.009824725915
616 0.01417468857
624 0.01790201087
632 0.02336801896
640 0.003435218198
648 0.007312323202
656 0.009916931409
664 0.01410206444
672 0.01402470928
680 0.01814632823
688 0.02147166465
696 0.02645507473
704 0.02132661928
712 0.02574604907
720 0.02898609206
728 0.03386602226
736 0.0353180925
744 0.04051802741
752 0.04510788882
760 0.05135172577
768 0.007411559658
776 0.01157549884
784 0.01441362561
792 0.0188778076
800 0.01889246833
808 0.02316204358
816 0.02655698808
824 0.03163114467
832 0.02581398761
840 0.03019872944
848 0.03341232439
856 0.0382936751
864 0.0394946771
872 0.04454145304
880 0.04891599806
888 0.05500598053
896 0.03905937831
904 0.04396841485
912 0.04760709565
920 0.05281779154
928 0.05385693212
936 0.05897528379
944 0.06333951447
952 0.06934289353
960 0.06611927515
968 0.07172493675
976 0.07620792581
984 0.0822905052
992 0.08514701135
1000 0.09157585108
1008 0.09740398278
1016 0.1048567363
1023 0.1131077165
1024 -0.1164033556
1032 -0.1127665831
1040 -0.1104025537
1048 -0.1063841516
1056 -0.1069863286
1064 -0.103210803
1072 -0.1003180038
1080 -0.0956604875
1088 -0.1028039796
1096 -0.09908986412
1104 -0.09655665021
1112 -0.09235245706
1120 -0.09209141732
1128 -0.08781197128
1136 -0.08416347047
1144 -0.07878489791
1152 -0.09949462551
1160 -0.09581736723
1168 -0.09342540703
1176 -0.08944383206
1184 -0.08974982872
1192 -0.08582988364
1200 -0.08271158349
1208 -0.07792423878
1216 -0.08343942257
1224 -0.07924653557
1232 -0.07621179647
1240 -0.07149014044
1248 -0.0702436471
1256 -0.06521238546
1264 -0.06079591209
1272 -0.05470231073
1280 -0.1018071834
1288 -0.0979943582
1296 -0.09549423097
1304 -0.09136633464
1312 -0.09173532264
1320 -0.08783953186
1328 -0.08481736563
1336 -0.08008152266
1344 -0.08642471474
1352 -0.08244057219
1360 -0.07963916244
1368 -0.07517563845
1376 -0.0744514907
1384 -0.06986179556
1392 -0.0659471266
1400 -0.06031393305
1408 -0.07757217112
1416 -0.0732362931
1424 -0.07017978464
1432 -0.06556245219
1440 -0.06515322502
1448 -0.06063721125
1456 -0.05687268799
1464 -0.0514461834
1472 -0.0554389531
1480 -0.05041135942
1488 -0.04652144384
1496 -0.04103004706
1504 -0.03882962664
1512 -0.03303226949
1520 -0.02783484246
1528 -0.02098493044
1536 -0.1152889683
1544 -0.1111519278
1552 -0.1083160377
1560 -0.1038744134
1568 -0.104010316
1576 -0.09980572014
1584 -0.09648069036
1592 -0.09144170696
1600 -0.09786734417
1608 -0.09371872036
1616 -0.09077714919
1624 -0.08619038958
1632 -0.08546757074
1640 -0.08083835793
1648 -0.07685124181
1656 -0.071124161
1664 -0.0899266692
1672 -0.08567041038
1680 -0.0826814658
1688 -0.07811883366
1696 -0.07778873283
1704 -0.07328429592
1712 -0.06956133529
1720 -0.06418399855
1728 -0.06867616338
1736 -0.06381031049
1744 -0.06011390581
1752 -0.05481047895
1760 -0.05290976109
1768 -0.04729906889
1776 -0.04228440398
1784 -0.03562642823
1792 -0.07513592346
1800 -0.07030735807
1808 -0.06680802164
1816 -0.06171260422
1824 -0.06103261626
1832 -0.05613377298
1840 -0.05210911422
1848 -0.04645157878
1856 -0.05151973247
1864 -0.04656770863
1872 -0.04279544077
1880 -0.03737335166
1888 -0.03558339689
1896 -0.02999570518
1904 -0.0250917763
1912 -0.01850846308
1920 -0.03290775441
1928 -0.02741142869
1936 -0.02319931617
1944 -0.01742542389
1952 -0.01579279996
1960 -0.01013587295
1968 -0.005218439688
1976 0.001338434522
1984 -0.001068736837
1992 0.005135189513
2000 0.01020397781
2008 0.01683009227
2016 0.02027024822
2024 0.02721356073
2032 0.0335555295
2040 0.04149954174
2048 -0.3732652252
2056 -0.3692662019
2064 -0.3665239658
2072 -0.3621300194
2080 -0.3623584182
2088 -0.3581781685
2096 -0.3548832277
2104 -0.3498204892
2112 -0.35662517
2120 -0.3525291986
2128 -0.349615679
2136 -0.3450335044
2144 -0.344415389
2152 -0.339756902
2160 -0.335718686
2168 -0.329937617
2176 -0.3504951787
2184 -0.3464279886
2192 -0.3436353906
2200 -0.3392366622
2208 -0.3391408324
2216 -0.3348123808
2224 -0.3312919835
2232 -0.3261020438
2240 -0.3312945986
2248 -0.3267184204
2256 -0.3232843235
2264 -0.3181619011
2272 -0.3165378626
2280 -0.3111184367
2288 -0.3063199295
2296 -0.2998373088
2304 -0.3476831984
2312 -0.3435718171
2320 -0.3407698986
2328 -0.3363404854
2336 -0.3364253411
2344 -0.332238417
2352 -0.3289112543
2360 -0.3238678603
2368 -0.3299765872
2376 -0.3257069362
2384 -0.3226228804
2392 -0.317877504
2400 -0.3168935136
2408 -0.3120343918
2416 -0.3078479969
2424 -0.3019419875
2432 -0.3192581876
2440 -0.3146926039
2448 -0.3114086908
2456 -0.3065667379
2464 -0.3059324712
2472 -0.3011466976
2480 -0.2971047221
2488 -0.2913950006
2496 -0.2951846241
2504 -0.2898802132
2512 -0.2857124293
2520 -0.2799343265
2528 -0.277464958
2536 -0.2713794198
2544 -0.265872908
2552 -0.2587077547
2560 -0.3577388198
2568 -0.3534589116
2576 -0.3504711108
2584 -0.345873055
2592 -0.3458423119
2600 -0.3414583128
2608 -0.3379537724
2616 -0.3327262965
2624 -0.3390264427
2632 -0.3346987965
2640 -0.3315738012
2648 -0.3267985882
2656 -0.3258947169
2664 -0.3210382674
2672 -0.3168100161
2680 -0.3108435304
2688 -0.3297049168
2696 -0.325251581
2704 -0.3220685834
2712 -0.3173119847
2720 -0.3167985097
2728 -0.3121036113
2736 -0.308196534
2744 -0.3026352897
2752 -0.3070267406
2760 -0.3019971536
2768 -0.2981418838
2776 -0.2926773439
2784 -0.290618914
2792 -0.2848381166
2800 -0.2796594325
2808 -0.2728362538
2816 -0.3135698626
2824 -0.3086615378
2832 -0.3050842034
2840 -0.2999052373
2848 -0.2991595632
2856 -0.2941890001
2864 -0.2900990263
2872 -0.2843744539
2880 -0.2894315945
2888 -0.284412115
2896 -0.2805759196
2904 -0.2750899675
2912 -0.2732586744
2920 -0.2676196642
2928 -0.2626672882
2936 -0.2560178054
2944 -0.270700766
2952 -0.2651531938
2960 -0.2608768164
2968 -0.2550268854
2976 -0.2533214986
2984 -0.2475704352
2992 -0.2425651553
3000 -0.2359219938
3008 -0.2383328634
3016 -0.2320616532
3024 -0.2269318104
3032 -0.2202416851
3040 -0.2167584338
3048 -0.2097337848
3056 -0.2033019796
3064 -0.1952691458
3072 -0.3755768611
3080 -0.370590011
3088 -0.3668980567
3096 -0.3615718147
3104 -0.3608386113
3112 -0.3557437975
3120 -0.3515487892
3128 -0.3456283709
3136 -0.3514078368
3144 -0.3464236926
3152 -0.3426214565
3160 -0.3371477798
3168 -0.3355802763
3176 -0.3300290653
3184 -0.3251091173
3192 -0.3184593371
3200 -0.3373603392
3208 -0.3323369969
3216 -0.3285962223
3224 -0.3232815326
3232 -0.3222446659
3240 -0.3170130805
3248 -0.312589258
3256 -0.3065152955
3264 -0.3106033073
3272 -0.3051200222
3280 -0.3008264335
3288 -0.294889725
3296 -0.2924009541
3304 -0.2861666962
3312 -0.2805538328
3320 -0.2732909813
3328 -0.3168419098
3336 -0.3116920875
3344 -0.3078631657
3352 -0.3024128952
3360 -0.301429635
3368 -0.2961962794
3376 -0.2918488332
3384 -0.2858187924
3392 -0.2907264175
3400 -0.2854128062
3408 -0.2812802602
3416 -0.2754882013
3424 -0.2733961858
3432 -0.2674613216
3440 -0.2622072496
3448 -0.2552437823
3456 -0.2705007842
3464 -0.2647565082
3472 -0.2602918671
3480 -0.2542646551
3488 -0.2524247634
3496 -0.2465067614
3504 -0.241354304
3512 -0.234571364
3520 -0.2370673398
3528 -0.2306891134
3536 -0.2254415086
3544 -0.2186010945
3552 -0.2150075316
3560 -0.207843694
3568 -0.2012917326
3576 -0.1931133285
3584 -0.2748517423
3592 -0.2690201234
3600 -0.2645026232
3608 -0.2583769895
3616 -0.2568198547
3624 -0.2509612003
3632 -0.2459735258
3640 -0.2392800292
3648 -0.2439170422
3656 -0.2380774542
3664 -0.2334446163
3672 -0.2271676127
3680 -0.2247165433
3688 -0.2183837237
3696 -0.2127297512
3704 -0.2053724438
3712 -0.2219755619
3720 -0.2160648403
3728 -0.2114268535
3736 -0.2052222022
3744 -0.2032435212
3752 -0.1971146429
3760 -0.1917654872
3768 -0.1847714897
3776 -0.1874917543
3784 -0.1809907862
3792 -0.175660159
3800 -0.1687362146
3808 -0.1651971653
3816 -0.1580068281
3824 -0.1514112232
3832 -0.1431818709
3840 -0.1782190092
3848 -0.1716725196
3856 -0.1664600207
3864 -0.1596761066
3872 -0.1572832909
3880 -0.150693728
3888 -0.1449764775
3896 -0.1376384482
3904 -0.1409025493
3912 -0.134294151
3920 -0.1288690557
3928 -0.1218047926
3936 -0.1183387788
3944 -0.1111051636
3952 -0.1045561001
3960 -0.09635499528
3968 -0.1084040943
3976 -0.1012231522
3984 -0.09533480119
3992 -0.08788952992
4000 -0.08455883275
4008 -0.07726006688
4016 -0.0707136533
4024 -0.06254920558
4032 -0.06319402682
4040 -0.05539540906
4048 -0.04874458558
4056 -0.04056770595
4064 -0.03555254557
4072 -0.02708290845
4080 -0.01924314449
4088 -0.009853103806
4095 0
