# x y  (written by maestro2tex)
0 0
8 0.003137036205
16 0.005209006789
24 0.008756947582
32 0.008272095435
40 0.01166418894
48 0.0142840295
56 0.01850988047
64 0.01221227976
72 0.01557497873
80 0.01789412371
88 0.02169313971
96 0.02201600858
104 0.02594829634
112 0.02934646655
120 0.03431653578
128 0.01561721678
136 0.01898545407
144 0.02120580983
152 0.02484084946
160 0.02469172141
168 0.02827172774
176 0.03113482612
184 0.03549373895
192 0.03061017936
200 0.0344620113
208 0.03730103938
216 0.04163893207
224 0.04290863116
232 0.04755523414
240 0.05165724268
248 0.0573008064
256 0.01310278922
264 0.01645336565
272 0.01864231103
280 0.02224523032
288 0.02187196831
296 0.0252722906
304 0.02792616869
312 0.03212130079
320 0.02639849883
328 0.02989710656
336 0.03232797898
344 0.03622385162
352 0.03681004979
360 0.04083174981
368 0.04428089478
376 0.04928517865
384 0.0332736745
392 0.03705638709
400 0.03971254878
408 0.04374893694
416 0.04411070705
424 0.04813847165
432 0.05150328855
440 0.05635682244
448 0.05274932986
456 0.0572665467
464 0.06074535874
472 0.06564538766
480 0.06763860147
488 0.0728697005
496 0.07760730185
504 0.08383823951
512 -0.01167600594
520 -0.008385448218
528 -0.006251769906
536 -0.002707115025
544 -0.003167729575
552 0.0001830358394
560 0.002744468883
568 0.006846598471
576 0.0006956481805
584 0.003968469218
592 0.006181743277
600 0.009868656648
608 0.01016243716
616 0.01396203621
624 0.01722250632
632 0.02204574752
640 0.004467763982
648 0.007875355645
656 0.01013238314
664 0.01375546675
672 0.01364827502
680 0.01722326001
688 0.0200931483
696 0.02443750324
704 0.01991438045
712 0.02379491831
720 0.0266026256
728 0.0308511849
736 0.03212713381
744 0.03671115544
752 0.04076093001
760 0.04629646716
768 0.007559279028
776 0.01125532207
784 0.01375132355
792 0.01765505422
800 0.01766068053
808 0.0213852069
816 0.02433011843
824 0.02876678933
832 0.02363708146
840 0.0274844907
848 0.03027113957
856 0.03452265998
864 0.03556824718
872 0.04000064276
880 0.0438404606
888 0.0492236643
896 0.03523844367
904 0.03961398342
912 0.04283724664
920 0.04742191357
928 0.04834791336
936 0.05285566951
944 0.05669663209
952 0.06199699036
960 0.05923348441
968 0.06423630999
976 0.06821916252
984 0.07360642576
992 0.07620355388
1000 0.08195254207
1008 0.08717279203
1016 0.09385330151
1023 0.1012569037
1024 -0.1016724572
1032 -0.09844481973
1040 -0.09635938953
1048 -0.09284269444
1056 -0.09337127489
1064 -0.09008207116
1072 -0.08757581472
1080 -0.08349707026
1088 -0.08979401118
1096 -0.08655853654
1104 -0.0843888149
1112 -0.08075577019
1120 -0.08056761216
1128 -0.07684387628
1136 -0.07366667378
1144 -0.06893621678
1152 -0.0872197459
1160 -0.08401735593
1168 -0.08197743137
1176 -0.07856326202
1184 -0.07889994655
1192 -0.07553199541
1200 -0.07287360448
1208 -0.06873067732
1216 -0.07362696523
1224 -0.06997833662
1232 -0.06738040036
1240 -0.06329548641
1248 -0.06222598165
1256 -0.0578160074
1264 -0.05394409604
1272 -0.04856417236
1280 -0.09016388301
1288 -0.08682433586
1296 -0.08467081829
1304 -0.08110875607
1312 -0.08148766428
1320 -0.0781423073
1328 -0.07557466127
1336 -0.07148168988
1344 -0.07712390554
1352 -0.07368248693
1360 -0.07131251707
1368 -0.06748421281
1376 -0.06691637928
1384 -0.06294645539
1392 -0.05957100749
1400 -0.05464998192
1408 -0.06987570547
1416 -0.06607872443
1424 -0.06344213916
1432 -0.05945623184
1440 -0.05916106018
1448 -0.05526104165
1456 -0.05202429125
1464 -0.04730620548
1472 -0.05082539124
1480 -0.04640603931
1488 -0.04302076994
1496 -0.0382300913
1504 -0.03628996906
1512 -0.03117786638
1520 -0.02659282816
1528 -0.02052056092
1536 -0.1037069141
1544 -0.1000435813
1552 -0.0975528305
1560 -0.09367748157
1568 -0.0938142364
1576 -0.09016052009
1584 -0.08728856161
1592 -0.08289290723
1600 -0.08857815477
1608 -0.08497271499
1616 -0.0824611473
1624 -0.07851007521
1632 -0.07793455699
1640 -0.07392558555
1648 -0.07047627037
1656 -0.06546183952
1664 -0.08207124667
1672 -0.0783543667
1680 -0.07578393517
1688 -0.07185321922
1696 -0.07162818525
1704 -0.06774024388
1712 -0.06454366448
1720 -0.05987525213
1728 -0.06385456639
1736 -0.05959746515
1744 -0.05640432357
1752 -0.05180212928
1760 -0.05015276011
1768 -0.04522784045
1776 -0.04082419462
1784 -0.03494438703
1792 -0.06968922949
1800 -0.06539840277
1808 -0.06231209695
1816 -0.05784697541
1824 -0.05725121373
1832 -0.05296725792
1840 -0.04946353799
1848 -0.04451333217
1856 -0.04898647449
1864 -0.04464161085
1872 -0.04136718167
1880 -0.03664475354
1888 -0.03508540282
1896 -0.03018191979
1904 -0.02588361636
1912 -0.02007691533
1920 -0.03267636586
1928 -0.0277833567
1936 -0.02405754439
1944 -0.01897950242
1952 -0.0175351966
1960 -0.01255867792
1968 -0.008235396235
1976 -0.00245136606
1984 -0.004490845153
1992 0.001040431519
2000 0.005538203484
2008 0.01139918703
2016 0.01450478644
2024 0.0206984348
2032 0.02636163849
2040 0.03346358712
2048 -0.3328216351
2056 -0.3292546329
2064 -0.3268135118
2072 -0.322944165
2080 -0.3231200125
2088 -0.3194489771
2096 -0.3165631036
2104 -0.3121020374
2112 -0.3180753753
2120 -0.3144809385
2128 -0.3119534355
2136 -0.3079653096
2144 -0.3074411373
2152 -0.3033612611
2160 -0.299816879
2168 -0.2947068368
2176 -0.3128301741
2184 -0.3092607485
2192 -0.3068427127
2200 -0.3030342942
2208 -0.3029902112
2216 -0.2992366576
2224 -0.2961987061
2232 -0.2916760956
2240 -0.2962649957
2248 -0.2922559813
2256 -0.2892812239
2264 -0.2848184566
2272 -0.2833924833
2280 -0.278617258
2288 -0.2743858601
2296 -0.2686398385
2304 -0.3108799306
2312 -0.307264734
2320 -0.3048319626
2328 -0.3009912956
2336 -0.3011071439
2344 -0.2974935648
2352 -0.2946434676
2360 -0.2902658639
2368 -0.295688867
2376 -0.2919848532
2384 -0.2893547823
2392 -0.2852675442
2400 -0.2844609549
2408 -0.2802445228
2416 -0.2766199025
2424 -0.2714489864
2432 -0.286724774
2440 -0.2827210038
2448 -0.2798795626
2456 -0.2756919555
2464 -0.2751928317
2472 -0.271045975
2480 -0.2675543298
2488 -0.262575957
2496 -0.2659072818
2504 -0.2612340386
2512 -0.2575934595
2520 -0.2525390073
2528 -0.2503510407
2536 -0.2449736906
2544 -0.2401021381
2552 -0.2337375729
2560 -0.3211808219
2568 -0.3173975425
2576 -0.3147774355
2584 -0.3107685805
2592 -0.3107597837
2600 -0.3069495906
2608 -0.3039206829
2616 -0.2993594684
2624 -0.3049345051
2632 -0.3011729708
2640 -0.2985005407
2648 -0.2943839482
2656 -0.2936484827
2664 -0.2894352092
2672 -0.2857673306
2680 -0.2805364376
2688 -0.2971968199
2696 -0.293305797
2704 -0.290563879
2712 -0.2864621343
2720 -0.2860748337
2728 -0.2820193689
2736 -0.2786612459
2744 -0.2738318689
2752 -0.2777257779
2760 -0.2733278819
2768 -0.2699984481
2776 -0.2652580838
2784 -0.2634721229
2792 -0.2584000428
2800 -0.2538549588
2808 -0.2478328982
2816 -0.2837015874
2824 -0.2793539421
2832 -0.2762122129
2840 -0.2716864863
2848 -0.2710461576
2856 -0.266713425
2864 -0.2631669692
2872 -0.2581726727
2880 -0.2626501209
2888 -0.2582607467
2896 -0.2549449698
2904 -0.2501816263
2912 -0.2486020661
2920 -0.2436702125
2928 -0.2393460464
2936 -0.2334961288
2944 -0.2463714557
2952 -0.2414501461
2960 -0.2376826504
2968 -0.23255152
2976 -0.2310555786
2984 -0.2260078764
2992 -0.221619337
3000 -0.2157719758
3008 -0.2178304943
3016 -0.212254888
3024 -0.2077186502
3032 -0.2018166125
3040 -0.1986890565
3048 -0.1924370294
3056 -0.1867065859
3064 -0.1795387792
3072 -0.3381412524
3080 -0.3336562523
3088 -0.3303362987
3096 -0.3256044903
3104 -0.3248938943
3112 -0.3203781218
3120 -0.3166630707
3128 -0.3114141603
3136 -0.3164546623
3144 -0.3120418664
3152 -0.308696521
3160 -0.3038867159
3168 -0.3024883121
3176 -0.2975855305
3184 -0.2932303005
3192 -0.2873213779
3200 -0.3039496343
3208 -0.2994938582
3216 -0.2961985048
3224 -0.2915439319
3232 -0.290633947
3240 -0.2860470595
3248 -0.2821765472
3256 -0.2768397244
3264 -0.2804164325
3272 -0.2755701055
3280 -0.2718067103
3288 -0.2665994528
3296 -0.2643838869
3304 -0.2588636234
3312 -0.253888731
3320 -0.2474322822
3328 -0.2858156993
3336 -0.281231826
3344 -0.2778428717
3352 -0.2730511191
3360 -0.2721739429
3368 -0.2675836982
3376 -0.2637841453
3384 -0.2584896694
3392 -0.2628038674
3400 -0.2581256497
3408 -0.254517904
3416 -0.2494537507
3424 -0.2476142315
3432 -0.2423918224
3440 -0.237770355
3448 -0.2316117609
3456 -0.2449896618
3464 -0.2398769494
3472 -0.2359255851
3480 -0.2306224796
3488 -0.2289928072
3496 -0.2237834742
3504 -0.2192521609
3512 -0.2132703323
3520 -0.2154002951
3528 -0.209722979
3536 -0.2050733818
3544 -0.1990263705
3552 -0.1957892963
3560 -0.1894033983
3568 -0.1835572126
3576 -0.1762491575
3584 -0.2479444676
3592 -0.2426791946
3600 -0.2386001517
3608 -0.2331334484
3616 -0.2316732761
3624 -0.2264581445
3632 -0.2220168771
3640 -0.2160593772
3648 -0.2200634592
3656 -0.2148596932
3664 -0.210750182
3672 -0.2052015237
3680 -0.2029938854
3688 -0.1973739617
3696 -0.192351138
3704 -0.1857991554
3712 -0.2003624641
3720 -0.1950837459
3728 -0.1909575797
3736 -0.1854774863
3744 -0.1836999783
3752 -0.1782802287
3760 -0.1735507823
3768 -0.1673583662
3776 -0.1696732686
3784 -0.163873684
3792 -0.1591396399
3800 -0.1530095777
3808 -0.1498180163
3816 -0.1434060952
3824 -0.1375148528
3832 -0.1301563374
3840 -0.1607660881
3848 -0.154849951
3856 -0.1501437787
3864 -0.1440827893
3872 -0.1418702875
3880 -0.1359882336
3888 -0.1308852359
3896 -0.1243471807
3904 -0.1271237279
3912 -0.1212151015
3920 -0.1163811432
3928 -0.1101091712
3936 -0.1069698737
3944 -0.1005130945
3952 -0.09466298195
3960 -0.087331139
3968 -0.09773370651
3976 -0.09124869078
3984 -0.08593993269
3992 -0.079283138
4000 -0.07623685657
4008 -0.0697111162
4016 -0.06385216613
4024 -0.0565532011
4032 -0.05693782652
4040 -0.04990447283
4048 -0.04391796919
4056 -0.03659884858
4064 -0.03201437137
4072 -0.02438702321
4080 -0.01731934801
4088 -0.008864011546
4095 0
