# x y  (written by maestro2tex)
1 0.0002923656633
8 -0.0002777002782
15 0.001096971323
22 0.0011066707
29 0.0007719000357
36 0.0006968157472
43 0.0008302421554
50 0.0009390183561
57 0.000613294961
64 -0.01611028686
71 0.0009351333768
78 0.001255322375
85 0.0005656850361
92 0.001091260759
99 0.0007670395027
106 0.001047343581
113 0.0005270588829
120 0.0003731954071
127 0.0014485647
134 0.001066891141
141 0.0006105451083
148 0.0008045417072
155 0.0009018746772
162 0.0008620869826
169 0.0004192703284
176 -0.001804040084
183 0.001109713255
190 0.001523161206
197 0.0005298326943
204 0.001000024602
211 0.0008147037578
218 0.001156394352
225 0.0004724097528
232 0.0001371470315
239 0.001317654654
246 0.001422233868
253 0.00106698971
260 0.0007155952947
267 0.0007638188152
274 0.0008702479262
281 0.0004212603192
288 -0.006669479478
295 0.0009431770258
302 0.001328017536
309 0.0005804516447
316 0.001241918973
323 0.0006715409921
330 0.0009706094532
337 0.0003166538383
344 0.000214588323
351 0.001289715809
358 0.001203658542
365 0.0007372399289
372 0.001034591771
379 0.001108489451
386 0.0008735793061
393 0.0003895806681
400 -0.002131445198
407 0.001052663632
414 0.001474097126
421 0.0005479796204
428 0.001095296504
435 0.0008889400997
442 0.001256215068
449 0.0004325551996
456 4.874096527e-05
463 0.001264515651
470 0.001336198059
477 0.0009338795681
484 0.0009972303715
491 0.001079262408
498 0.001230590254
505 0.000882018517
512 -0.1450626
519 0.0008979500089
526 0.001292448548
533 0.0004385041102
540 0.001148485268
547 0.0006304147903
554 0.0009901197275
561 0.0002860733002
568 0.0003469698156
575 0.001344227997
582 0.001108940936
589 0.0005477309089
596 0.0008966200271
603 0.0008887523143
610 0.0009114158673
617 0.0003878402581
624 -0.001533793235
631 0.00116790229
638 0.001635759945
645 0.0003992481563
652 0.0009974998759
659 0.0006866173882
666 0.00108158279
673 0.0002400128886
680 5.628387582e-05
687 0.001184704297
694 0.001305905635
701 0.0008582048893
708 0.0008375489922
715 0.00084717756
722 0.0009832521217
729 0.0005416766106
736 -0.005430915342
743 0.001110022402
750 0.00148959932
757 0.0007863809452
764 0.00141190439
771 0.0006939867371
778 0.0009852193553
785 0.0003132960132
792 0.0001659076784
799 0.001289474563
806 0.001165900082
813 0.0006800665291
820 0.0009620395391
827 0.00104338428
834 0.0009010757182
841 0.0004200065092
848 -0.001998778932
855 0.001100237104
862 0.001508537921
869 0.0006322888622
876 0.001141341789
883 0.0009799210567
890 0.001325153896
897 0.0004398575895
904 -3.387080943e-05
911 0.001252067371
918 0.001284311512
925 0.0008972236078
932 0.00089083427
939 0.0009976248487
946 0.001118236894
953 0.0007820456671
960 -0.01311478223
967 0.001172666498
974 0.001453405101
981 0.0008284354382
988 0.001279833224
995 0.001054492304
1002 0.001273942625
1009 0.0008519374363
1016 0.0005758917365
1023 0.001662522153
1030 0.001084034609
1037 0.000520947794
1044 0.0008609673481
1051 0.0008480953916
1058 0.000830203151
1065 0.0002685405092
1072 -0.001814700273
1079 0.001062441189
1086 0.001561733385
1093 0.0003537047237
1100 0.001018380854
1107 0.0006739415297
1114 0.001097581406
1121 0.0002311727174
1128 0.000124696419
1135 0.001216104131
1142 0.001368381487
1149 0.0008973656238
1156 0.0007610096699
1163 0.0007301747829
1170 0.0008717150768
1177 0.0003576659098
1184 -0.006379230504
1191 0.0009408194747
1198 0.001368439698
1205 0.0005499483231
1212 0.001290829177
1219 0.0006878889389
1226 0.001012426361
1233 0.0003237025285
1240 0.0002958363466
1247 0.001333780854
1254 0.001275199358
1261 0.0007876839032
1268 0.00110378913
1275 0.001170501893
1282 0.0008185045564
1289 0.0003005574602
1296 -0.00222740403
1303 0.0009924601092
1310 0.001436865035
1317 0.000433876581
1324 0.001034883074
1331 0.0007782758077
1338 0.001180164896
1345 0.0002651248734
1352 -6.37121433e-05
1359 0.001147544576
1366 0.001227496282
1373 0.000791615757
1380 0.0008674234946
1387 0.000919985977
1394 0.001080988355
1401 0.0007132113902
1408 -0.03055185589
1415 0.001004332974
1422 0.00132722233
1429 0.0006059550467
1436 0.001131498748
1443 0.0007941608621
1450 0.001062531732
1457 0.0005448932909
1464 0.0003380329776
1471 0.001438995634
1478 0.001218401278
1485 0.0008234124486
1492 0.0009394613895
1499 0.001108371632
1506 0.001086573231
1513 0.0007488721627
1520 -0.001409309281
1527 0.001365645292
1534 0.001675584284
1541 0.0005644168507
1548 0.0009097050196
1555 0.0007911671106
1562 0.001072271292
1569 0.0004116732784
1576 -8.400431339e-05
1583 0.001203400051
1590 0.001254395436
1597 0.0009510072109
1604 0.000720388301
1611 0.0008702035333
1618 0.000935833264
1625 0.0006259766091
1632 -0.00600610725
1639 0.001070215428
1646 0.001359113049
1653 0.0008301825146
1660 0.001230762238
1667 0.000804148479
1674 0.000980408706
1681 0.0005192127633
1688 3.860648761e-05
1695 0.001314911649
1702 0.001137826697
1709 0.00084726777
1716 0.000878407664
1723 0.001139427568
1730 0.0009618263403
1737 0.0006853403853
1744 -0.002088501401
1751 0.00119117026
1758 0.001446676557
1765 0.0008808234046
1772 0.001047542533
1779 0.001150119697
1786 0.001333915229
1793 0.0006625005181
1800 -0.0002345491085
1807 0.001263950365
1814 0.001189925733
1821 0.001025988424
1828 0.0007314813335
1835 0.001046006403
1842 0.001049555075
1849 0.0009290882312
1856 -0.01489484088
1863 0.001148997542
1870 0.00128348672
1877 0.0009114943374
1884 0.001027520973
1891 0.001063625181
1898 0.001132403484
1905 0.0009616936107
1912 0.0002489156868
1919 0.001568924581
1926 0.001182193541
1933 0.001056933231
1940 0.000791833868
1947 0.001211419451
1954 0.001049730896
1961 0.0009746101543
1968 -0.001876972926
1975 0.001365805138
1982 0.00150320454
1989 0.001092150319
1996 0.000934661242
2003 0.001223845216
2010 0.001266887332
2017 0.001149465256
2024 -1.182577654e-05
2031 0.001549455628
2038 0.001435020289
2045 0.001510077778
2048 -0.5425720324
2052 0.0006454218317
2059 0.0008708106239
2066 0.0008914773068
2073 0.0006193783958
2080 -0.006941583791
2087 0.00101957452
2094 0.001281675938
2101 0.0007442176437
2108 0.001133367305
2115 0.0007799862479
2122 0.0009607016111
2129 0.0005127121636
2136 6.28552225e-05
2143 0.001310472202
2150 0.001157496657
2157 0.0008681639738
2164 0.0009315349815
2171 0.001180843199
2178 0.000850752851
2185 0.0005360586473
2192 -0.00235093736
2199 0.00106595108
2206 0.001369291321
2213 0.0006571263157
2220 0.0009363046602
2227 0.0009302518189
2234 0.00117750447
2241 0.0005767281111
2248 -0.0001652988171
2255 0.001237385522
2262 0.001221760796
2269 0.00100545665
2276 0.0008331024815
2283 0.001096476202
2290 0.001150375998
2297 0.001001798994
2304 -0.06960371437
2311 0.001023374379
2318 0.001224936502
2325 0.0007072705566
2332 0.0009797827942
2339 0.0008310477027
2346 0.0009864985082
2353 0.0006446354817
2360 0.0001274873015
2367 0.001399364093
2374 0.001081715228
2381 0.0008274769958
2388 0.0007563555911
2395 0.001056402753
2402 0.0009634568751
2409 0.0007593328004
2416 -0.001771205241
2423 0.00127289231
2430 0.00149716624
2437 0.000784826993
2444 0.0008285415169
2451 0.000944517879
2458 0.001073575228
2465 0.0007266147954
2472 -0.0001751401413
2479 0.001299883325
2486 0.001241309244
2493 0.001173600412
2500 0.0007224616448
2507 0.001110492672
2514 0.001056807262
2521 0.001006161723
2528 -0.005566399961
2535 0.001299373088
2542 0.001397055793
2549 0.001189731747
2556 0.001183140885
2563 0.0009063401892
2570 0.0009512313948
2577 0.0007129636012
2584 -0.0001511154002
2591 0.001326230135
2598 0.001062084452
2605 0.0009389564087
2612 0.0007389257086
2619 0.001169423312
2626 0.0008879728395
2633 0.0007659224542
2640 -0.002392501351
2647 0.0011518035
2654 0.001301025283
2661 0.0009027680043
2668 0.0008482284484
2675 0.001125875844
2682 0.001209717396
2689 0.0007922056958
2696 -0.0003938992471
2703 0.001244983454
2710 0.001093246563
2717 0.001089685456
2724 0.0006147706331
2731 0.001089459508
2738 0.001022262426
2745 0.001068960764
2752 -0.01430486996
2759 0.001199913263
2766 0.00120543588
2773 0.001050989747
2780 0.0008946534041
2787 0.001175475894
2794 0.001121177737
2801 0.001177623493
2808 0.0001134747648
2815 0.00159405966
2822 0.001063279941
2829 0.00109955048
2836 0.0006153144466
2843 0.001203766715
2850 0.0009605358738
2857 0.001034963962
2864 -0.00223193282
2871 0.001295457291
2878 0.001329609966
2885 0.001075629456
2892 0.0006835678024
2899 0.001157184298
2906 0.001094722497
2913 0.001152082529
2920 -0.0003147521126
2927 0.001411047952
2934 0.00122563698
2941 0.001456278049
2948 0.0005791010736
2955 0.001253739411
2962 0.0010416701
2969 0.001265568179
2976 -0.006626098154
2983 0.001327361844
2990 0.001216451904
2997 0.001340281952
3004 0.0008840792334
3011 0.001350535503
3018 0.001127150993
3025 0.001373449815
3032 -0.0001743180666
3039 0.001574524793
3046 0.001231695591
3053 0.001529109656
3060 0.0007937576496
3067 0.001609672439
3074 0.0009513344951
3081 0.001160635074
3088 -0.002798329262
3095 0.001271912167
3102 0.001206480803
3109 0.001166217117
3116 0.0006301956437
3123 0.001242169292
3130 0.001128113662
3137 0.001168589734
3144 -0.0005578908547
3151 0.001339516575
3158 0.001064374296
3165 0.001346385413
3172 0.0005375365242
3179 0.001296451162
3186 0.00110741772
3193 0.001436433897
3200 -0.03378907642
3207 0.001265837359
3214 0.001096142418
3221 0.00122458599
3228 0.0006725479124
3235 0.001233870466
3242 0.001009150702
3249 0.001324284205
3256 -0.0002432560833
3263 0.001515210001
3270 0.001049904215
3277 0.001339519025
3284 0.0005348257763
3291 0.001377238662
3298 0.001092297854
3305 0.001439849467
3312 -0.002083969311
3319 0.001504136912
3326 0.001347137467
3333 0.0012931318
3340 0.0005169742604
3347 0.001266962159
3354 0.001032490656
3361 0.001340290776
3368 -0.000591921178
3375 0.001382111341
3382 0.001069092254
3389 0.001513723118
3396 0.0004271818178
3403 0.001309795241
3410 0.001009122743
3417 0.001462003318
3424 -0.006463919138
3431 0.00138711281
3438 0.00112382247
3445 0.001531109965
3452 0.0007428700969
3459 0.001402906234
3466 0.001031187327
3473 0.001513881871
3480 -0.0004891936041
3487 0.001503655866
3494 0.001035442345
3501 0.001534301732
3508 0.000511246438
3515 0.001531684572
3522 0.001119119238
3529 0.001629394961
3536 -0.002635956512
3543 0.00150301864
3550 0.001199989335
3557 0.001685462197
3564 0.0006185656514
3571 0.001660247001
3578 0.001288650165
3585 0.001621294731
3592 -0.0007515463769
3599 0.001478636573
3606 0.001023072441
3613 0.001625706672
3620 0.000381941623
3627 0.001450198154
3634 0.001078535961
3641 0.00172553215
3648 -0.01615874492
3655 0.001439317558
3662 0.001036647137
3669 0.001591278526
3676 0.0005171019206
3683 0.001531540671
3690 0.001065770879
3697 0.001808158272
3704 -0.0003827651948
3711 0.001653809218
3718 0.001004139195
3725 0.001628251813
3732 0.0003600131859
3739 0.001515762667
3746 0.001069573099
3753 0.001739553283
3760 -0.00259873154
3767 0.001527217143
3774 0.001145344098
3781 0.001738106802
3788 0.0004194280529
3795 0.001601285066
3802 0.001115031435
3809 0.001960273838
3816 -0.0006442373424
3823 0.001626896132
3830 0.001152094238
3837 0.001961953816
3844 0.0003700027978
3851 0.00160557374
3858 0.001101668836
3865 0.001899519666
3872 -0.007397931834
3879 0.001555283406
3886 0.00103206863
3893 0.001837755956
3900 0.0005035203385
3907 0.001684122255
3914 0.001071169066
3921 0.001991740758
3928 -0.0006594475456
3935 0.001634383891
3942 0.00106048256
3949 0.001907610913
3956 0.0004334403394
3963 0.001787542592
3970 0.00121447569
3977 0.002052900506
3984 -0.003021180257
3991 0.00164036592
3998 0.001088128425
4005 0.001978587539
4012 0.0003824887536
4019 0.001817014711
4026 0.001201652319
4033 0.002264583185
4040 -0.0007890375723
4047 0.001710549674
4054 0.001097122829
4061 0.002080721491
4068 0.0004457984449
4075 0.001869357248
4081 0.002383668348
4082 0.001335521279
4089 0.002349867329
4095 0.001849128283
