# x y  (written by maestro2tex)
1 0.0005656696151
8 -0.0005342101728
15 0.0007934033015
22 0.0005841778724
29 0.0007643200279
36 0.000207393618
43 0.0006740517913
50 0.0005700322501
57 0.0007627302053
64 -0.01172361068
71 0.0007076393292
78 0.0006562168502
85 0.0006518554937
92 0.0004364886849
99 0.0006969636348
106 0.000607213426
113 0.0007651291975
120 -4.832095019e-05
127 0.001052602887
134 0.0005662678636
141 0.000674297664
148 0.0002391350529
155 0.0007234061406
162 0.0005273406409
169 0.0006480170295
176 -0.001615804246
183 0.0008054252195
190 0.0008422374074
197 0.0006747916922
204 0.0003641456533
211 0.000717504791
218 0.0006739178254
225 0.0007665006047
232 -0.000252839121
239 0.0009524778532
246 0.0008251084237
253 0.001014507693
260 0.0002055568217
267 0.0006591706224
274 0.0005095420528
281 0.0006648169626
288 -0.005117369006
295 0.000705316958
302 0.0006660370485
309 0.0006914968071
316 0.0005133422129
323 0.0006542222591
330 0.0005324661245
337 0.00064340579
344 -0.0002595358845
351 0.0009012238952
358 0.0006333896776
365 0.0007686395843
372 0.0004055806488
379 0.0008858574702
386 0.0005624725576
393 0.0006634303817
400 -0.001911793126
407 0.0007718405707
414 0.0007894615785
421 0.0006893342231
428 0.0004148342776
435 0.0007754242504
442 0.0007477236797
449 0.0007593718674
456 -0.0003263910272
463 0.0009177604321
470 0.0007422985604
477 0.0009080437195
484 0.0004430382714
491 0.0008896124101
498 0.0008193597863
505 0.0009979478106
512 -0.1025566015
519 0.0007100056885
526 0.0006504318986
533 0.0006265169112
540 0.0004067336136
547 0.0006304025034
554 0.0005293366056
561 0.000656060977
568 -0.000187309865
575 0.0009492493512
582 0.0005516749698
589 0.0006604727771
596 0.0002445247445
603 0.000718449933
610 0.0005527129425
617 0.0006760348326
624 -0.0014507983
631 0.0008561623371
638 0.0008987092182
645 0.0006231014266
652 0.0003037646616
659 0.0006366463166
666 0.0005798257943
673 0.0006339336005
680 -0.0004098771656
687 0.0008241103267
694 0.0006655573747
701 0.0008543571616
708 0.000269521934
715 0.0007105030496
722 0.0005822883359
729 0.0007513973912
736 -0.004017560986
743 0.000834659767
750 0.0008049060171
757 0.0008437540212
764 0.0006816825488
771 0.000684902427
778 0.0005612948158
785 0.0006487771973
792 -0.0002936250332
799 0.0009121363765
806 0.0006006807163
813 0.0007250738532
820 0.0003313001995
827 0.0008293686227
834 0.0005693729917
841 0.0006699116003
848 -0.001803612397
855 0.0007970131547
862 0.0008128173692
869 0.0007380455131
876 0.0004623498004
883 0.0008367049814
890 0.0008099175106
897 0.0007428053378
904 -0.0003730160038
911 0.0009119862021
918 0.000705650867
925 0.0008650151553
932 0.0003517355343
939 0.0008041844282
946 0.0007100440054
953 0.0008833321915
960 -0.009013275997
967 0.0009021671075
974 0.0008367347961
981 0.0008431085797
988 0.0006343057488
995 0.0009199292587
1002 0.0008152822324
1009 0.0009781304319
1016 0.0002005371781
1023 0.00123454416
1030 0.0005535844045
1037 0.0006674439371
1044 0.0002252566594
1051 0.0007124682822
1058 0.0004920791155
1065 0.0006134801068
1072 -0.001731155089
1079 0.0007780176041
1086 0.0008162514076
1093 0.0006012579775
1100 0.0002875776243
1107 0.0006336992387
1114 0.0005801661268
1121 0.0006504985213
1128 -0.0003755442968
1135 0.0008530244688
1142 0.0007131099814
1149 0.0009052943324
1156 0.0001865796274
1163 0.0006363205718
1170 0.0004839915306
1177 0.0006435874403
1184 -0.004928632309
1191 0.0006957975365
1198 0.0006579297157
1205 0.0006786028066
1212 0.0005049854486
1219 0.0006728990699
1226 0.000550067476
1233 0.0006631101173
1240 -0.0002205099908
1247 0.0009284565691
1254 0.0006823900076
1261 0.0008127738507
1268 0.0004520773355
1275 0.0009343097065
1282 0.0005068288919
1289 0.000608513258
1296 -0.002029447682
1303 0.0007178062327
1310 0.0007313070624
1317 0.0006039662441
1324 0.0003216592047
1331 0.0006773555772
1338 0.0006580570898
1345 0.0006232210493
1352 -0.0004732127047
1359 0.0007967762992
1366 0.0006107899024
1373 0.0007777932936
1380 0.0002857617971
1387 0.000730545018
1394 0.0006564068854
1401 0.0008373439727
1408 -0.02114715939
1415 0.0007585250543
1422 0.0006970147407
1429 0.0006756214647
1436 0.000447850769
1443 0.0006966602321
1450 0.0005953982431
1457 0.000739250993
1464 -8.965080944e-05
1471 0.001012444772
1478 0.0006896018266
1485 0.0007902337492
1492 0.0003808254484
1499 0.0008533932773
1506 0.0007169517141
1513 0.0008264434945
1520 -0.001158946293
1527 0.001003426088
1534 0.001036960354
1541 0.00065973815
1548 0.0003363719589
1555 0.0006728101095
1562 0.0006125598341
1569 0.0006429757313
1576 -0.0004117536998
1583 0.0008363658899
1590 0.0006801684442
1597 0.0008651345169
1604 0.0002372143194
1611 0.0006794162323
1618 0.0005497146694
1625 0.0007088579703
1632 -0.004416841017
1639 0.0007635440951
1646 0.0007429618248
1653 0.0007847350801
1660 0.0006171726314
1667 0.0006877156589
1674 0.0005641843226
1681 0.0006550471012
1688 -0.0002805695782
1695 0.0009122144681
1702 0.0006185099659
1709 0.0007496082638
1716 0.0003628388998
1723 0.0008504579775
1730 0.0006217524313
1737 0.0007193548008
1744 -0.001710902095
1751 0.000837422418
1758 0.0008539977194
1765 0.0007984061537
1772 0.000528432547
1779 0.000898269489
1786 0.0008708952448
1793 0.0007282179619
1800 -0.0003903132536
1807 0.0009028471283
1814 0.0006947353863
1821 0.0008637866179
1828 0.0003222823919
1835 0.0007748348299
1842 0.0006662247155
1849 0.0008448329184
1856 -0.01045232753
1863 0.0008249594915
1870 0.0007614039376
1877 0.0007635086125
1884 0.0005483179836
1891 0.0008185239329
1898 0.0007126703947
1905 0.0008684757729
1912 7.471477791e-05
1919 0.001137951062
1926 0.0007525905935
1933 0.0008527134634
1940 0.0004196811971
1947 0.0008828407904
1954 0.0007013122365
1961 0.0008193164033
1968 -0.001355629432
1975 0.0009737915786
1982 0.001008038578
1989 0.000879183534
1996 0.0005699641804
2003 0.0009067958186
2010 0.0008596930858
2017 0.0009623517244
2024 -4.954011124e-05
2031 0.001131398392
2038 0.001000017767
2045 0.001177446221
2048 -0.3740172765
2052 0.0002323144421
2059 0.000693989136
2066 0.0005425588427
2073 0.0007016736703
2080 -0.005198657889
2087 0.0007418909044
2094 0.0007002997661
2101 0.0007274521705
2108 0.0005444263183
2115 0.0006679019109
2122 0.0005481123045
2129 0.0006561212805
2136 -0.0002565019774
2143 0.00091455407
2150 0.0006435267876
2157 0.0007856776322
2164 0.0004185502114
2171 0.0009066145485
2178 0.0005355694571
2185 0.0006386662942
2192 -0.001970275339
2199 0.0007484998809
2206 0.0007670270853
2213 0.0006550030619
2220 0.000377303635
2227 0.0007335852369
2234 0.0007081965103
2241 0.0006957844243
2248 -0.0003956353035
2255 0.000865604876
2262 0.0006898455675
2269 0.0008609086134
2276 0.0003862425028
2283 0.0008330723504
2290 0.0007562366718
2297 0.0009434360626
2304 -0.04890055231
2311 0.0007464638969
2318 0.0006844830731
2325 0.0006620015207
2332 0.0004383989553
2339 0.0006637205641
2346 0.0005606213806
2353 0.0006927611647
2360 -0.0001459612832
2367 0.0009835238628
2374 0.0006043154403
2381 0.0007077917944
2388 0.0002942691146
2395 0.0007656932341
2402 0.0006066589409
2409 0.000719362944
2416 -0.001375305101
2423 0.0008976057783
2430 0.0009358827106
2437 0.000697894439
2444 0.0003752694074
2451 0.0007077703194
2458 0.0006402369069
2465 0.0007044242661
2472 -0.0003328289796
2479 0.0008977528965
2486 0.0007438571675
2493 0.0009335657228
2500 0.0003683880255
2507 0.0008114589609
2514 0.0006836691964
2521 0.0008498135252
2528 -0.003776805035
2535 0.0009313981101
2542 0.0009038668187
2549 0.0009468973165
2556 0.0007814622455
2563 0.0006967895354
2570 0.0005784578517
2577 0.0006641642464
2584 -0.0002891585683
2591 0.0009310976999
2598 0.0006144984452
2605 0.0007402893917
2612 0.0003492201155
2619 0.0008440644521
2626 0.0005593051311
2633 0.0006570611921
2640 -0.001847769073
2647 0.0007806539135
2654 0.0007950169009
2661 0.0007107316809
2668 0.0004451401738
2675 0.0008189635654
2682 0.0007912951468
2689 0.0006797404747
2696 -0.0004347155965
2703 0.0008565746457
2710 0.0006458910087
2717 0.0008185679419
2724 0.0002944242319
2731 0.0007494493833
2738 0.0006509564194
2745 0.0008293068576
2752 -0.009765861874
2759 0.0008284373343
2766 0.0007588854529
2773 0.0007636689485
2780 0.0005533364349
2787 0.0008365462321
2794 0.00073557461
2801 0.0008975035016
2808 0.0001103972274
2815 0.001162724339
2822 0.0006885962016
2829 0.0007900166781
2836 0.0003510303726
2843 0.0008299695347
2850 0.0006238138484
2857 0.000738439708
2864 -0.001546051681
2871 0.0008841952456
2878 0.0009210614944
2885 0.0007422788521
2892 0.000424504101
2899 0.0007725360069
2906 0.0007219631959
2913 0.0008054343802
2920 -0.0002221291999
2927 0.0009813175292
2934 0.000850480501
2941 0.001036605247
2948 0.0004031600015
2955 0.0008446794134
2962 0.0007011655007
2969 0.0008508705485
2976 -0.004483592538
2983 0.0008995885521
2990 0.0008648620028
2997 0.0008905965617
3004 0.0007135445142
3011 0.0009139382678
3018 0.0007894323234
3025 0.0008921826374
3032 1.758513105e-05
3039 0.001142212624
3046 0.0009105940066
3053 0.001035367147
3060 0.0006782676774
3067 0.001144990866
3074 0.000647951604
3081 0.0007567024519
3088 -0.001910534933
3095 0.0008667929467
3102 0.0008838383054
3109 0.0007519599881
3116 0.0004683105169
3123 0.0008243735125
3130 0.0008010366853
3137 0.0007435773566
3144 -0.0003576948549
3151 0.0009252053616
3158 0.0007347279711
3165 0.0009029199782
3172 0.0003999088715
3179 0.0008595325795
3186 0.0007811284277
3193 0.0009610106271
3200 -0.02344514092
3207 0.0008464126701
3214 0.0007839445694
3221 0.0007600382821
3228 0.0005422493972
3235 0.0007836156937
3242 0.0006810465178
3249 0.0008174896971
3256 -1.824617225e-05
3263 0.00109190803
3270 0.0007441473725
3277 0.0008398521992
3284 0.000433171848
3291 0.0009088172761
3298 0.0007673383891
3305 0.0008819269223
3312 -0.001151172339
3319 0.001055581713
3326 0.001094217235
3333 0.0007731201688
3340 0.0004459518179
3347 0.0007851454803
3354 0.0007270150639
3361 0.0007626376755
3368 -0.0002922861863
3375 0.0009461335766
3382 0.0007904615155
3389 0.0009786182166
3396 0.0003703025897
3403 0.0008123624106
3410 0.0006872002781
3417 0.0008499291228
3424 -0.004139809847
3431 0.0009143245054
3438 0.0008831198322
3445 0.0009259788061
3452 0.0007554978863
3459 0.0008618574887
3466 0.0007338914989
3473 0.0008269173812
3480 -0.000104915821
3487 0.001069424331
3494 0.0007824850897
3501 0.0009124208838
3508 0.0005281239888
3515 0.001009054386
3522 0.0007986019597
3529 0.000897783259
3536 -0.001505775673
3543 0.001017339844
3550 0.001032012195
3557 0.0009797252258
3564 0.0007058669362
3571 0.001075527718
3578 0.001045690869
3585 0.0008470001764
3592 -0.0002738209101
3599 0.001035318981
3606 0.0008204977478
3613 0.0009883502992
3620 0.0004371853958
3627 0.0008965192149
3634 0.0007877076164
3641 0.0009755812716
3648 -0.01090148411
3655 0.0009337782115
3662 0.0008724460866
3669 0.000868318141
3676 0.0006497113066
3683 0.0009101386249
3690 0.000805313373
3697 0.000963878478
3704 0.0001576999145
3711 0.001234282306
3718 0.0008010928408
3725 0.0009072359797
3732 0.0004702747002
3739 0.000941948896
3746 0.0007573449896
3753 0.0008757649554
3760 -0.001341339829
3767 0.001027467357
3774 0.001063518786
3781 0.0009151060331
3788 0.0006013021607
3795 0.0009417141538
3802 0.000892392742
3809 0.0009873117663
3816 -2.62402663e-05
3823 0.001167729519
3830 0.001034393841
3837 0.001218644195
3844 0.0005251465481
3851 0.0009722131671
3858 0.0008164211865
3865 0.0009709725938
3872 -0.004657645554
3879 0.001009058621
3886 0.0009641589365
3893 0.0009788279112
3900 0.000797925686
3907 0.000955334223
3914 0.0008325764408
3921 0.0009400207254
3928 4.654408696e-05
3935 0.001193355852
3942 0.0009371043584
3949 0.001061576177
3956 0.0006969385788
3963 0.001173303111
3970 0.0009029260026
3977 0.0009925439198
3984 -0.001548982442
3991 0.001095953727
3998 0.001098683119
4005 0.001000917777
4012 0.000722955711
4019 0.001081544581
4026 0.001043841912
4033 0.001077381946
4040 -7.715538981e-06
4047 0.001222289839
4054 0.001042147676
4061 0.001202171499
4068 0.0007430646763
4075 0.0011756156
4082 0.001099684076
4089 0.001267998841
4095 0.001434991622
