# x y  (written by maestro2tex)
0 0
8 0.003947644996
16 0.006534420391
24 0.01106462132
32 0.01032969436
40 0.01467555399
48 0.0180103313
56 0.02336131988
64 0.01514058508
72 0.01944283407
80 0.02243422794
88 0.02734430038
96 0.02768865426
104 0.03270338319
112 0.03697362339
120 0.04319739879
128 0.01910199822
136 0.02340282757
144 0.02627423494
152 0.03101344444
160 0.03080764723
168 0.03546326467
176 0.03917739155
184 0.04478322339
192 0.03839859354
200 0.04331169291
208 0.0469589349
216 0.0525295485
224 0.05401373773
232 0.05986439733
240 0.06497431989
248 0.07199316546
256 0.01534537538
264 0.01962566312
272 0.02245567595
280 0.02715991855
288 0.02669158254
296 0.0311646994
304 0.03465970472
312 0.04009897452
320 0.03272308258
328 0.03728020388
336 0.04050944668
344 0.04563530707
352 0.04639780294
360 0.05162084497
368 0.05606811524
376 0.06244498097
384 0.04176749232
392 0.04660162867
400 0.05003482545
408 0.05529418972
416 0.05575396145
424 0.06097611234
432 0.0653178856
440 0.07153710754
448 0.0666979831
456 0.07239519419
464 0.07680809166
472 0.08305954286
480 0.085421768
488 0.09197560643
496 0.09784695459
504 0.1055718518
512 -0.01651445785
520 -0.01229326047
528 -0.009521095762
536 -0.004874171637
544 -0.005446494727
552 -0.00102197507
560 0.002378039475
568 0.007725277883
576 -0.0001515752616
584 0.004180748383
592 0.007189881444
600 0.01210778757
608 0.01256134026
616 0.0175633008
624 0.02181942184
632 0.02801628266
640 0.00547494322
648 0.00993501213
656 0.01296663054
664 0.01781374986
672 0.01778810243
680 0.02255854736
688 0.02640297082
696 0.03211408674
704 0.02628685214
712 0.03134847858
720 0.0350878734
728 0.04068895101
736 0.04231753302
744 0.04822540174
752 0.05340654028
760 0.06043713911
768 0.01062440707
776 0.01536991031
784 0.01863037085
792 0.02375516116
800 0.02380375602
808 0.02872079478
816 0.0326301976
824 0.0384307164
832 0.03184470505
840 0.03687031265
848 0.04057866251
856 0.04617985288
864 0.04753971096
872 0.05329312335
880 0.05825438754
888 0.06512985057
896 0.04691032067
904 0.05245692165
912 0.05658049142
920 0.06250776544
928 0.06366967232
936 0.06949142035
944 0.07443258997
952 0.08121824418
960 0.07741967146
968 0.08372207628
976 0.08876224433
984 0.09562051373
992 0.09872451731
1000 0.1059158232
1008 0.1123930416
1016 0.120687089
1023 0.1298547724
1024 -0.1289645191
1032 -0.1247963636
1040 -0.1220642413
1048 -0.1174353898
1056 -0.118074169
1064 -0.1137013187
1072 -0.1103482564
1080 -0.1050144978
1088 -0.1130626218
1096 -0.1087577373
1104 -0.105783921
1112 -0.10090997
1120 -0.1005604872
1128 -0.09562447166
1136 -0.09144336771
1144 -0.08532936783
1152 -0.1087085478
1160 -0.1044437451
1168 -0.1016209609
1176 -0.09697281676
1184 -0.09722636469
1192 -0.09265300624
1200 -0.08901179678
1208 -0.0834921551
1216 -0.08971766795
1224 -0.0848779891
1232 -0.08134006863
1240 -0.07589266345
1248 -0.07446889619
1256 -0.06872509548
1264 -0.06371350482
1272 -0.05682853124
1280 -0.1100637651
1288 -0.1056647629
1296 -0.1027384525
1304 -0.09794533225
1312 -0.09827960378
1320 -0.09373173158
1328 -0.0901912524
1336 -0.08472442671
1344 -0.09184798112
1352 -0.08721834716
1360 -0.08391832015
1368 -0.07873033138
1376 -0.07784652571
1384 -0.07254556725
1392 -0.0680403141
1400 -0.06161701312
1408 -0.08120878716
1416 -0.07623070798
1424 -0.07268543347
1432 -0.06734688849
1440 -0.06681407478
1448 -0.06159002623
1456 -0.05724468477
1464 -0.05103126618
1472 -0.05561042352
1480 -0.04988144061
1488 -0.04543046081
1496 -0.0391587299
1504 -0.03670997978
1512 -0.03014551104
1520 -0.02429511158
1528 -0.01659926035
1536 -0.1234898286
1544 -0.1187662663
1552 -0.1155054713
1560 -0.1103982655
1568 -0.1105072188
1576 -0.1056501784
1584 -0.1018080897
1592 -0.09603774737
1600 -0.1032774154
1608 -0.09848292021
1616 -0.09504397071
1624 -0.08973235749
1632 -0.08885758352
1640 -0.08351671525
1648 -0.07894023396
1656 -0.07242263953
1664 -0.09369571135
1672 -0.08879684478
1680 -0.08532034052
1688 -0.08003607767
1696 -0.07959006209
1704 -0.07437716094
1712 -0.07007456543
1720 -0.06390987826
1728 -0.06902191921
1736 -0.0634542351
1744 -0.05919793795
1752 -0.05311372842
1760 -0.05097230143
1768 -0.04459404421
1776 -0.03892756046
1784 -0.03142318422
1792 -0.07643144412
1800 -0.07096170027
1808 -0.06697951519
1816 -0.06116387459
1824 -0.06038579313
1832 -0.05477987819
1840 -0.05018024877
1848 -0.04373673982
1856 -0.04949489637
1864 -0.04384241231
1872 -0.03951489242
1880 -0.03331336776
1888 -0.03130040666
1896 -0.02494648611
1904 -0.01939533874
1912 -0.01196694992
1920 -0.02850142969
1928 -0.02230795733
1936 -0.01755047314
1944 -0.0110004204
1952 -0.009180894792
1960 -0.002760998835
1968 0.002793853808
1976 0.01019258459
1984 0.007289273859
1992 0.01424951462
2000 0.01993595668
2008 0.02739733166
2016 0.03114911368
2024 0.03891445923
2032 0.04596598903
2040 0.05481086692
2048 -0.414417829
2056 -0.409867902
2064 -0.4067383712
2072 -0.4017144479
2080 -0.4019615095
2088 -0.3971644075
2096 -0.3933899929
2104 -0.3876314765
2112 -0.3953278471
2120 -0.3906215775
2128 -0.3872482447
2136 -0.3819767767
2144 -0.3812522619
2152 -0.3759176691
2160 -0.3713276279
2168 -0.3647915848
2176 -0.3880255194
2184 -0.3833512523
2192 -0.3801086166
2200 -0.3750237782
2208 -0.3748575451
2216 -0.3698561395
2224 -0.3657936088
2232 -0.3598518244
2240 -0.3657417306
2248 -0.3604992185
2256 -0.3565427157
2264 -0.3506749944
2272 -0.3488557093
2280 -0.3427041944
2288 -0.3372913349
2296 -0.3299977842
2304 -0.3840600373
2312 -0.3793429348
2320 -0.3760956068
2328 -0.3709814201
2336 -0.371013589
2344 -0.3661550346
2352 -0.3622903244
2360 -0.3564963915
2368 -0.3633724887
2376 -0.358437795
2384 -0.3548358872
2392 -0.3493464895
2400 -0.3481848554
2408 -0.3425949138
2416 -0.3377986915
2424 -0.3310830112
2432 -0.3507395221
2440 -0.3455121823
2448 -0.3417202641
2456 -0.3361375396
2464 -0.3353616993
2472 -0.32984833
2480 -0.3252062883
2488 -0.3186900837
2496 -0.3230530666
2504 -0.3170277012
2512 -0.3122796034
2520 -0.3057015944
2528 -0.3029658921
2536 -0.296093669
2544 -0.2899149232
2552 -0.2818842478
2560 -0.3939030827
2568 -0.3890170918
2576 -0.3855851393
2584 -0.3803019364
2592 -0.3802262477
2600 -0.3751702368
2608 -0.3711293831
2616 -0.3651509747
2624 -0.3722521272
2632 -0.3672590402
2640 -0.3636174115
2648 -0.3580977701
2656 -0.3570239352
2664 -0.3514362535
2672 -0.3465993714
2680 -0.3398227872
2688 -0.3611615157
2696 -0.3560459956
2704 -0.352356177
2712 -0.3468583671
2720 -0.3462109656
2728 -0.3407880219
2736 -0.3362820417
2744 -0.3299138611
2752 -0.3349121307
2760 -0.32916113
2768 -0.3247266997
2776 -0.3184617907
2784 -0.3161446261
2792 -0.3095766754
2800 -0.303726896
2808 -0.2960377235
2816 -0.3423556604
2824 -0.3367865725
2832 -0.3327071187
2840 -0.3267883414
2848 -0.3259265482
2856 -0.3202293258
2864 -0.3155451054
2872 -0.3090149685
2880 -0.3147490413
2888 -0.3090095117
2896 -0.3045987872
2904 -0.2983138067
2912 -0.29624147
2920 -0.289816638
2928 -0.2841977612
2936 -0.2766836042
2944 -0.2935084004
2952 -0.2872440906
2960 -0.2824030622
2968 -0.2757573745
2976 -0.2738470503
2984 -0.2673134189
2992 -0.2616514321
3000 -0.2541468112
3008 -0.257040723
3016 -0.2499935978
3024 -0.2442268136
3032 -0.2366818243
3040 -0.232868898
3048 -0.2250026116
3056 -0.2178419495
3064 -0.2088886394
3072 -0.4141515399
3080 -0.4085541874
3088 -0.4044144471
3096 -0.3983986271
3104 -0.3976199656
3112 -0.3918487057
3120 -0.3871137318
3128 -0.3804379363
3136 -0.3870303036
3144 -0.3813762829
3152 -0.3770537588
3160 -0.3708312031
3168 -0.3690931881
3176 -0.3628062912
3184 -0.357274037
3192 -0.3498096937
3200 -0.3712493656
3208 -0.3655593834
3216 -0.3613081141
3224 -0.3552477483
3232 -0.3540763899
3240 -0.3481122923
3248 -0.3430858782
3256 -0.3362005045
3264 -0.3409071247
3272 -0.334697955
3280 -0.329821514
3288 -0.3230799575
3296 -0.3203318543
3304 -0.3133059614
3312 -0.3070182963
3320 -0.2988849619
3328 -0.3482784636
3336 -0.3424634025
3344 -0.3381286614
3352 -0.3319340945
3360 -0.3308341112
3368 -0.3248696083
3376 -0.3199242009
3384 -0.3130840986
3392 -0.3186804111
3400 -0.3126422519
3408 -0.3079314541
3416 -0.3013358599
3424 -0.2990021683
3432 -0.2922769729
3440 -0.2863526632
3448 -0.2785200025
3456 -0.2959798401
3464 -0.2895143127
3472 -0.2844812811
3480 -0.2776537932
3488 -0.2756083174
3496 -0.2689032253
3504 -0.2630903116
3512 -0.2554413867
3520 -0.2584320708
3528 -0.2512734082
3536 -0.2453851122
3544 -0.2376853032
3552 -0.2337613945
3560 -0.2257513849
3568 -0.2184668034
3576 -0.2093633842
3584 -0.3027725492
3592 -0.2962753913
3600 -0.2912534033
3608 -0.2843831566
3616 -0.2827171344
3624 -0.2761270163
3632 -0.2705426859
3640 -0.26303879
3648 -0.2683982681
3656 -0.2618337957
3664 -0.2566239957
3672 -0.2495431081
3680 -0.2468581331
3688 -0.2397346317
3696 -0.2334116903
3704 -0.2251848269
3712 -0.2441279422
3720 -0.2374956169
3728 -0.2322905054
3736 -0.2252852127
3744 -0.2231086921
3752 -0.216192348
3760 -0.2101839763
3768 -0.2023236065
3776 -0.2055721678
3784 -0.1982903703
3792 -0.1923202787
3800 -0.1845365385
3808 -0.1806748301
3816 -0.1726379222
3824 -0.1653109087
3832 -0.1561561284
3840 -0.1964048012
3848 -0.1891381549
3856 -0.183363261
3864 -0.1757801332
3872 -0.1732073246
3880 -0.1658317071
3888 -0.1594599257
3896 -0.1512569203
3904 -0.1551194786
3912 -0.1477316488
3920 -0.1416717578
3928 -0.1337490723
3936 -0.1299781359
3944 -0.1218993086
3952 -0.1146234607
3960 -0.1054982784
3968 -0.1195520299
3976 -0.1115949756
3984 -0.1050817189
3992 -0.09678130774
4000 -0.09318180902
4008 -0.08504110436
4016 -0.07777772234
4024 -0.0686924303
4032 -0.06974182413
4040 -0.06110792749
4048 -0.05375991095
4056 -0.04466879541
4064 -0.03926008844
4072 -0.02988944743
4080 -0.021260568
4088 -0.01089067855
4095 0
