# x y  (written by maestro2tex)
1 0.0001215189174
8 -0.0003312178188
15 0.001039948147
22 0.001059388673
29 0.0006861138261
36 0.0006352203475
43 0.0007745312478
50 0.0008699824094
57 0.0005173697848
64 -0.01588687758
71 0.0008834688649
78 0.00121716703
85 0.000498451977
92 0.001061208749
99 0.0007066331752
106 0.0009938530164
113 0.0004335738693
120 0.0003625248358
127 0.001417548955
134 0.001011085151
141 0.0005469846387
148 0.0007475349296
155 0.0008660128578
162 0.0007918249493
169 0.0003552539694
176 -0.001778775979
183 0.001086591619
190 0.001493406396
197 0.000469662576
204 0.0009511387539
211 0.0007801008829
218 0.001109043349
225 0.0003928401388
232 9.167954887e-05
239 0.00129578937
246 0.001380557391
253 0.001025975831
260 0.0006346342958
267 0.0007201572177
274 0.0008034190027
281 0.0003630116068
288 -0.006619896731
295 0.0009172496938
302 0.001290561053
309 0.0005485285908
316 0.001198994712
323 0.0006297697622
330 0.0009184101524
337 0.0002686479172
344 0.0001744351444
351 0.001275802682
358 0.001159584115
365 0.0007200766426
372 0.0009755642955
379 0.001094579738
386 0.0007970551678
393 0.0003467247954
400 -0.002172538618
407 0.001037689599
414 0.001430847638
421 0.0005297021278
428 0.001035638775
435 0.0008767291928
442 0.001209305514
449 0.0003810718244
456 -3.066978125e-05
463 0.001247890035
470 0.001288432961
477 0.0009253385787
484 0.0009159595939
491 0.001071120364
498 0.001172553276
505 0.0008661978439
512 -0.1421208494
519 0.0008569110703
526 0.001240329021
533 0.0004029058494
540 0.001089049417
547 0.0005991453735
554 0.0009375594601
561 0.0002462093468
568 0.0002990375775
575 0.00132756059
582 0.001056439165
589 0.0005352816946
596 0.0008250912955
603 0.0008853269965
610 0.0008521506334
617 0.0003783273519
624 -0.001530317979
631 0.001162035707
638 0.001593465402
645 0.0003763753666
652 0.000924542306
659 0.0006812659206
666 0.001034724166
673 0.0002205452019
680 -2.111789242e-05
687 0.001181628035
694 0.001262609977
701 0.0008625514589
708 0.0007490837891
715 0.00085090782
722 0.0009343556709
729 0.0005550528349
736 -0.005290852079
743 0.001109020636
750 0.001442025853
757 0.0008021633414
764 0.001346383439
771 0.0006664838417
778 0.0009239772051
785 0.0003036264635
792 8.802563672e-05
799 0.001274392969
806 0.001111029549
813 0.0006953335089
820 0.0008802279436
827 0.001048021057
834 0.0008386847687
841 0.0004393637923
848 -0.002051029289
855 0.001103711945
862 0.001452690026
869 0.0006589415808
876 0.001060662338
883 0.0009928699873
890 0.001274430922
897 0.0004344969284
904 -0.0001465115534
911 0.00123832867
918 0.001223619936
925 0.0009196297043
932 0.000791968579
939 0.001014036133
946 0.001066113503
953 0.0008211098828
960 -0.0126587867
967 0.001168306573
974 0.00138481938
981 0.0008706037631
988 0.001186071714
995 0.00106804985
1002 0.001218751827
1009 0.0008952209942
1016 0.0004938589527
1023 0.001646283628
1030 0.001019716183
1037 0.0004898831145
1044 0.0007776927731
1051 0.0008318735177
1058 0.0007634890334
1065 0.0002529907672
1072 -0.001843772637
1079 0.001053755526
1086 0.001511849305
1093 0.0003429740012
1100 0.0009425429535
1107 0.0006746957981
1114 0.001050585716
1121 0.0002183543385
1128 4.246408125e-05
1135 0.00121240176
1142 0.001319675637
1149 0.0009003138277
1156 0.0006649127855
1163 0.0007309222519
1170 0.0008197292358
1177 0.0003740066936
1184 -0.006340452406
1191 0.0009456714661
1198 0.001319980361
1205 0.0005790102975
1212 0.001218787906
1219 0.0006909798459
1226 0.0009651110696
1233 0.0003497056272
1240 0.0002209570514
1247 0.001333143339
1254 0.001222456433
1261 0.0008174574242
1268 0.001019708524
1275 0.001181760433
1282 0.0007493468965
1289 0.0003103825449
1296 -0.00231414245
1303 0.0009935251734
1310 0.001376671407
1317 0.0004650582053
1324 0.0009502296856
1331 0.0007996101003
1338 0.001131490932
1345 0.0002855823668
1352 -0.0001707534345
1359 0.001149917869
1366 0.001175804343
1373 0.0008297361807
1380 0.0007731564643
1387 0.0009481779779
1394 0.001035353414
1401 0.0007618924809
1408 -0.02957577941
1415 0.001004744642
1422 0.001261356971
1429 0.0006564012182
1436 0.00103968089
1443 0.0008229005596
1450 0.001017925397
1457 0.0006079286377
1464 0.0002559609618
1471 0.001436606973
1478 0.00115528599
1485 0.0008747938851
1492 0.000841790914
1499 0.001136345762
1506 0.001035755319
1513 0.0008214023781
1520 -0.001428957634
1527 0.001373708199
1534 0.001599650099
1541 0.0005776689746
1548 0.0008037660975
1555 0.0008014109736
1562 0.001011207563
1569 0.0004492186096
1576 -0.0001960318199
1583 0.001196814474
1590 0.001187988292
1597 0.0009831938673
1604 0.00061012549
1611 0.0008937996585
1618 0.0008866840072
1625 0.0006926018941
1632 -0.00592190382
1639 0.001083020043
1646 0.001288918173
1653 0.0008916428929
1660 0.001126640906
1667 0.0008243641517
1674 0.0009242566844
1681 0.0005943698168
1688 -6.608843252e-05
1695 0.001308389512
1702 0.001073958367
1709 0.0009122105899
1716 0.0007737639278
1723 0.001167969443
1730 0.0009084534727
1737 0.0007738769332
1744 -0.002156800574
1751 0.001206340787
1758 0.00136436664
1765 0.0009610478808
1772 0.0009346559195
1779 0.001190510117
1786 0.001272353365
1793 0.000727646612
1800 -0.0003785574303
1807 0.0012490014
1814 0.001109277109
1821 0.001079855072
1828 0.0006096360593
1835 0.001079760864
1842 0.0009965474586
1849 0.001022660689
1856 -0.01457534238
1863 0.001159867267
1870 0.001194486701
1877 0.001003324267
1884 0.0009012412564
1891 0.001113041782
1898 0.001076388684
1905 0.001080902648
1912 0.0001325242318
1919 0.001551987244
1926 0.00109387912
1933 0.001134104515
1940 0.0006610890731
1947 0.001245630901
1954 0.0009983412716
1961 0.001101963124
1968 -0.001940427995
1975 0.001375510353
1982 0.001389782009
1989 0.001196440932
1996 0.0007907887213
2003 0.001280448333
2010 0.00119673499
2017 0.001294492882
2024 -0.0001574621665
2031 0.001538886134
2038 0.001332172017
2045 0.001591316509
2048 -0.5245285729
2052 0.0005435409463
2059 0.0008446790561
2066 0.0008238731537
2073 0.0006090927401
2080 -0.006931901287
2087 0.001000518682
2094 0.001220536921
2101 0.0007488355457
2108 0.001054068007
2115 0.000766466377
2122 0.0009046298342
2129 0.0005244838557
2136 -7.890473212e-06
2143 0.001294203962
2150 0.001099332369
2157 0.0008858343514
2164 0.0008455638901
2171 0.001180045132
2178 0.0007838812821
2185 0.0005547980515
2192 -0.002417878203
2199 0.0010623511
2206 0.001303831817
2213 0.0006885892805
2220 0.0008523796937
2227 0.0009466006377
2234 0.001125671386
2241 0.0006048237625
2248 -0.0002659309656
2255 0.001229388795
2262 0.001163109607
2269 0.001038176775
2276 0.0007352480105
2283 0.001113480657
2290 0.001097343548
2297 0.001048946846
2304 -0.06798336888
2311 0.001009607507
2318 0.001151260307
2325 0.0007437420855
2332 0.0008846288416
2339 0.0008487415002
2346 0.0009366934867
2353 0.0007014769569
2360 4.624540535e-05
2367 0.001384972252
2374 0.001018291461
2381 0.0008751721782
2388 0.000662239721
2395 0.001080514794
2402 0.000915415633
2409 0.0008340015354
2416 -0.001787833574
2423 0.001278968208
2430 0.001417923745
2437 0.000835783503
2444 0.0007238480694
2451 0.000976689077
2458 0.001021639598
2465 0.0008080161465
2472 -0.0002787059568
2479 0.001297980306
2486 0.001174736622
2493 0.001227591624
2500 0.0006097703089
2507 0.001140037867
2514 0.001009538854
2521 0.001096015385
2528 -0.00542507374
2535 0.00130830826
2542 0.001311767686
2549 0.001266456164
2556 0.001060851861
2563 0.0009117615204
2570 0.0008844326405
2577 0.0007760679456
2584 -0.0002566861623
2591 0.001301889147
2598 0.0009896268784
2605 0.000990851161
2612 0.0006310548804
2619 0.00118448506
2626 0.0008325832418
2633 0.0008500508722
2640 -0.002461546061
2647 0.001159023407
2654 0.001214049523
2661 0.0009809416724
2668 0.0007377727039
2675 0.0011624753
2682 0.001146488673
2689 0.0008819194896
2696 -0.0005238659213
2703 0.001234802352
2710 0.0010193595
2717 0.00115405755
2724 0.0005021308307
2731 0.001127426961
2738 0.0009750678326
2745 0.001172856329
2752 -0.01388630454
2759 0.001210527705
2766 0.001117121143
2773 0.001147614432
2780 0.0007719776164
2787 0.001225794786
2794 0.001065609355
2801 0.001305896351
2808 1.912662752e-06
2815 0.001570533811
2822 0.0009729360754
2829 0.001170321029
2836 0.0004886722036
2843 0.001229668702
2850 0.0009094187366
2857 0.001158130397
2864 -0.002288327207
2871 0.00130087294
2878 0.001215599429
2885 0.001181589107
2892 0.0005527137657
2899 0.001214186562
2906 0.001031849069
2913 0.001303604451
2920 -0.0004432067676
2927 0.001403144043
2934 0.00113143732
2941 0.001541169166
2948 0.0004372268675
2955 0.001294038714
2962 0.0009884365697
2969 0.001406794417
2976 -0.006562463938
2983 0.00134242097
2990 0.00110354971
2997 0.001462338182
3004 0.0007241823132
3011 0.001414471332
3018 0.001060711926
3025 0.00155326235
3032 -0.0003169115245
3039 0.001549139203
3046 0.00112848817
3053 0.001642657676
3060 0.0006354919258
3067 0.001643225275
3074 0.0008739389425
3081 0.001258233755
3088 -0.002918216885
3095 0.001252414943
3102 0.001072753056
3109 0.00125289069
3116 0.0004828013594
3123 0.001273784194
3130 0.001039771501
3137 0.001303569318
3144 -0.0007087613175
3151 0.001313265682
3158 0.0009620987254
3165 0.001420005015
3172 0.0003962273503
3179 0.001326619131
3186 0.001039456954
3193 0.001560778672
3200 -0.0330238064
3207 0.001262972203
3214 0.0009730125942
3221 0.001333474367
3228 0.0005132834015
3235 0.001290734591
3242 0.0009398485667
3249 0.001487198995
3256 -0.0003831416016
3263 0.001477639013
3270 0.000947985268
3277 0.001445344142
3284 0.0003887623409
3291 0.001412653996
3298 0.001034871836
3305 0.00160598388
3312 -0.002147019392
3319 0.001497798575
3326 0.001186945847
3333 0.001416234209
3340 0.0003478781157
3347 0.001323181515
3354 0.0009475097241
3361 0.001530032975
3368 -0.0007521766465
3375 0.001360532193
3382 0.0009526626538
3389 0.001611627501
3396 0.0002717093198
3403 0.001361087088
3410 0.0009528505805
3417 0.001636675853
3424 -0.006374689959
3431 0.00139928567
3438 0.0009841479602
3445 0.001674220204
3452 0.0005458487357
3459 0.001477870327
3466 0.0009534695733
3473 0.001729153673
3480 -0.0006583756155
3487 0.001468195055
3494 0.0009225857166
3501 0.001668232816
3508 0.0003405523526
3515 0.001572737379
3522 0.001062959007
3529 0.001843982784
3536 -0.002747671522
3543 0.001507367125
3550 0.001026560837
3557 0.001862638022
3564 0.0004145377987
3571 0.001736538658
3578 0.001176937682
3585 0.001850785502
3592 -0.0009637088354
3599 0.001437265119
3606 0.0008797219615
3613 0.001736081721
3620 0.0001989209499
3627 0.001496727271
3634 0.001002491523
3641 0.001917915086
3648 -0.01589598193
3655 0.001446477152
3662 0.0008726028002
3669 0.001757894947
3676 0.0002992362208
3683 0.001619983401
3690 0.0009758311944
3697 0.002056983747
3704 -0.000586897875
3711 0.00159358323
3718 0.0008691823906
3725 0.001780878546
3732 0.0001672082102
3739 0.00156514713
3746 0.001012219135
3753 0.001983799493
3760 -0.002716567908
3767 0.001524544047
3774 0.0009390959325
3781 0.001944407211
3788 0.0001985176532
3795 0.001697504948
3802 0.001008768164
3809 0.002264336266
3816 -0.0008626983324
3823 0.001591410171
3830 0.0009795411435
3837 0.002112306349
3844 0.0001521149736
3851 0.001669905356
3858 0.001025617797
3865 0.002151049207
3872 -0.007427584722
3879 0.001566651382
3886 0.0008339179253
3893 0.002041428954
3900 0.0002311095104
3907 0.001804236745
3914 0.0009756230469
3921 0.002312722606
3928 -0.0008964006282
3935 0.001580266497
3942 0.0009008487057
3949 0.002096297341
3956 0.0001916532503
3963 0.001837714895
3970 0.001149134151
3977 0.002363555164
3984 -0.003217893332
3991 0.001642188906
3998 0.000848353245
4005 0.002233222127
4012 0.0001104124148
4019 0.001928698673
4026 0.001063261389
4033 0.002655743041
4040 -0.001063213521
4047 0.001675144446
4054 0.0009036150793
4061 0.00227820157
4068 0.0001880239666
4075 0.001954766573
4081 0.002766728366
4082 0.001236562659
4089 0.002677230341
4095 0.001765410911
