# x y  (written by maestro2tex)
0 0
8 -6.142838754
16 -6.142751551
24 -9.06038408
32 -6.142444291
40 -10.72379284
48 -9.059680759
56 -10.33161833
64 -6.141235099
72 -11.55746549
80 -10.72186673
88 -12.83818727
96 -9.056934058
104 -12.83694978
112 -10.32785495
120 -10.76862297
128 -6.136408775
136 -11.97052781
144 -11.55124637
152 -14.09350463
160 -10.71421752
168 -14.93496424
176 -12.82886059
184 -13.69294344
192 -9.045979857
200 -14.08670023
208 -12.82393512
216 -14.53044671
224 -10.31288411
232 -13.68491304
240 -10.7514023
248 -10.77435121
256 -6.117112604
264 -12.15947188
272 -11.94835174
280 -14.70385985
288 -11.52642355
296 -15.96865515
304 -14.06562096
312 -15.14337356
320 -10.68365339
328 -15.96057691
336 -14.9008208
344 -16.82973882
352 -12.79163676
360 -16.4005417
368 -13.65214001
376 -13.88472804
384 -9.002190203
392 -14.67353188
400 -14.03844652
408 -16.38588941
416 -12.77195193
424 -16.80481889
432 -14.47408416
440 -15.12921767
448 -10.25305531
456 -15.09875135
464 -13.62006566
472 -15.11744164
480 -10.68262842
488 -13.84583555
496 -10.70090185
504 -10.51368398
512 -6.039956538
520 -12.1840175
528 -12.07592234
536 -14.93645921
544 -11.85972476
552 -16.41093133
560 -14.6091429
568 -15.79290227
576 -11.42719308
584 -16.82073799
592 -15.86239582
600 -17.90195748
608 -13.95420219
616 -17.68092366
624 -15.02561707
632 -15.36318703
640 -10.56146161
648 -16.36428642
656 -15.83011207
664 -18.29562034
672 -14.7643685
680 -18.92748837
688 -16.68584911
696 -17.45012061
704 -12.642847
712 -17.62909981
720 -16.2431717
728 -17.85752849
736 -13.48909345
744 -16.78411885
752 -13.71439141
760 -13.62873935
768 -8.827131068
776 -14.80956478
784 -14.48794744
792 -17.15502047
800 -13.845593
808 -18.20930087
816 -16.18378602
824 -17.15868422
832 -12.56417162
840 -17.76140029
848 -16.5862757
856 -18.41497571
864 -14.24885423
872 -17.76383558
880 -14.89509845
888 -15.01945738
896 -10.01391382
904 -15.59307873
912 -14.84731964
920 -17.09073545
928 -13.36092191
936 -17.29105038
944 -14.8480531
952 -15.39473664
960 -10.40777101
968 -15.14628521
976 -13.5590052
984 -14.947004
992 -10.40741768
1000 -13.45921843
1008 -10.21083895
1016 -9.9166335
1024 -5.731570157
1032 -11.91903436
1040 -11.86006895
1048 -14.76821856
1056 -11.74204638
1064 -16.34133721
1072 -14.58938742
1080 -15.82272602
1088 -11.50554715
1096 -16.95021483
1104 -16.0411595
1112 -18.13185633
1120 -14.23069508
1128 -18.01060077
1136 -15.40215599
1144 -15.78973838
1152 -11.03065946
1160 -16.89166977
1168 -16.40634854
1176 -18.92641146
1184 -15.43784886
1192 -19.65999384
1200 -17.46309999
1208 -18.27921579
1216 -13.50902955
1224 -18.5587841
1232 -17.21868244
1240 -18.8880565
1248 -14.55519589
1256 -17.91108654
1264 -14.88014654
1272 -14.84359606
1280 -10.07324781
1288 -16.12817299
1296 -15.8548897
1304 -18.58336085
1312 -15.30893452
1320 -19.74288244
1328 -17.75756517
1336 -18.78729611
1344 -14.21926838
1352 -19.49357679
1360 -18.36208934
1365 -26.78256912
1368 -20.2513064
1376 -16.11112637
1384 -19.69685561
1392 -16.86058161
1400 -17.03540021
1408 -12.0484976
1416 -17.7126543
1424 -17.01179654
1432 -19.32054433
1440 -15.61465051
1448 -19.62272559
1456 -17.21175742
1464 -17.81227917
1472 -12.83788995
1480 -17.6619259
1488 -16.11193021
1496 -17.56072528
1504 -13.03416077
1512 -16.1602274
1520 -12.93418861
1528 -12.68647116
1536 -8.127950268
1544 -14.25083764
1552 -14.08279333
1560 -16.90092528
1568 -13.74686269
1576 -18.26427434
1584 -16.39252831
1592 -17.52273825
1600 -13.07549568
1608 -18.43610752
1616 -17.41310575
1624 -19.40212357
1632 -15.37687345
1640 -19.059663
1648 -16.33343018
1656 -16.61250007
1664 -11.73454229
1672 -17.49798695
1680 -16.90217105
1688 -19.31551349
1696 -15.71382243
1704 -19.82870371
1712 -17.52095413
1720 -18.22707135
1728 -13.34970752
1736 -18.28647359
1744 -16.83801095
1752 -18.39515265
1760 -13.96058532
1768 -17.20030301
1776 -14.06758373
1784 -13.92255704
1792 -9.059261216
1800 -14.98592784
1808 -14.60479007
1816 -17.21276457
1824 -13.84379342
1832 -18.14711804
1840 -16.06249477
1848 -16.97714333
1856 -12.32663445
1864 -17.45972553
1872 -16.22611944
1880 -17.99264316
1888 -13.77303008
1896 -17.22270063
1904 -14.29966091
1912 -14.36448859
1920 -9.310850022
1928 -14.81812715
1936 -14.01494091
1944 -16.19277054
1952 -12.41449619
1960 -16.27315614
1968 -13.77879578
1976 -14.26439489
1984 -9.236347173
1992 -13.89829493
2000 -12.25825618
2008 -13.58150269
2016 -9.002551679
2024 -11.98225538
2032 -8.690298333
2040 -8.339345395
2048 -4.501018756
2056 -10.68542443
2064 -10.64622514
2072 -13.56343545
2080 -10.56771353
2088 -15.17033535
2096 -13.44439247
2104 -14.69326476
2112 -10.41015943
2120 -15.85641445
2128 -14.97023654
2136 -17.07396762
2144 -13.20510369
2152 -16.99296578
2160 -14.41249849
2168 -14.81877296
2176 -10.09287038
2184 -15.95690448
2192 -15.49282464
2200 -18.02573711
2208 -14.56660746
2216 -18.7973123
2224 -16.62625183
2232 -17.46024678
2240 -12.72157662
2248 -17.77897696
2256 -16.46203297
2264 -18.14749517
2272 -13.84422487
2280 -17.21267707
2288 -14.20804346
2296 -14.1913851
2304 -9.449519322
2312 -15.51274835
2320 -15.25980742
2328 -18.00323509
2336 -14.75443232
2344 -19.20075998
2352 -17.23876242
2360 -18.28686104
2368 -13.7455195
2376 -19.03208352
2384 -17.92222473
2392 -19.82894641
2400 -15.71403726
2408 -19.31538292
2416 -16.50239554
2424 -16.69695953
2432 -11.73468311
2440 -17.41330256
2448 -16.73301319
2456 -19.05981277
2464 -15.37672961
2472 -19.4018995
2480 -17.01253278
2488 -17.63266646
2496 -12.68063968
2504 -17.52229213
2512 -15.99283944
2520 -17.46106608
2528 -12.95556012
2536 -16.10075096
2544 -12.89498354
2552 -12.66697073
2560 -8.127819507
2568 -14.27047209
2576 -14.12217239
2584 -16.96057847
2592 -13.82566941
2600 -18.36420756
2608 -16.5117788
2616 -17.6623789
2624 -13.23292205
2632 -18.61619624
2640 -17.61258522
2648 -19.6229442
2656 -15.61477768
2664 -19.32039109
2672 -16.61184184
2680 -16.91106512
2688 -12.04829228
2696 -17.83732491
2704 -17.26082366
2712 -19.69698331
2720 -16.11089629
2728 -20.25106086
2736 -17.96023184
2744 -18.6873401
2752 -13.82282205
2760 -18.7869221
2768 -17.35613961
2776 -18.93584924
2784 -14.51365802
2792 -17.77892322
2800 -14.6603739
2808 -14.53481893
2816 -9.68211884
2824 -15.63992049
2832 -15.27783851
2840 -17.91124686
2848 -14.55482351
2856 -18.88775221
2864 -16.81821996
2872 -17.75496664
2880 -13.11312421
2888 -18.27878145
2896 -17.06194959
2904 -18.85312218
2912 -14.64209205
2920 -18.1210928
2928 -15.20971556
2936 -15.29448641
2944 -10.24632474
2952 -15.78924177
2960 -15.00345478
2968 -17.20787658
2976 -13.4375834
2984 -17.32841882
2992 -14.84570238
3000 -15.35265739
3008 -10.32771881
3016 -15.02501527
3024 -13.39901616
3032 -14.74662111
3040 -10.17112822
3048 -13.18104979
3056 -9.896674566
3064 -9.563816391
3072 -5.346000253
3080 -11.48648824
3088 -11.38840645
3096 -14.25259812
3104 -11.19221503
3112 -15.74364664
3120 -13.9555476
3128 -15.14676676
3136 -10.79961785
3144 -16.19224456
3152 -15.24572806
3160 -17.29121871
3168 -13.36096076
3176 -17.09051613
3184 -14.45011849
3192 -14.79698735
3200 -10.01345503
3208 -15.81595491
3216 -15.29261958
3224 -17.76381887
3232 -14.24844262
3240 -18.41456602
3248 -16.1865844
3256 -16.9595921
3264 -12.16962344
3272 -17.15814281
3280 -15.78425086
3288 -17.40616962
3296 -13.05391856
3304 -16.35419824
3312 -13.2986037
3320 -13.22293694
3328 -8.437092677
3336 -14.42175912
3344 -14.11040948
3352 -16.78412174
3360 -13.48852842
3368 -17.85704998
3376 -15.84380737
3384 -16.82757012
3392 -12.24781336
3400 -17.44950908
3408 -16.28553354
3416 -18.12238793
3424 -13.97016524
3432 -17.49181299
3440 -14.63557773
3448 -14.76972958
3456 -9.778041887
3464 -15.36259381
3472 -14.62729891
3480 -16.87897349
3488 -13.1616865
3496 -17.09904353
3504 -14.66755609
3512 -15.22380224
3520 -10.24955661
3528 -14.99525496
3536 -13.41867998
3544 -14.81586091
3552 -10.28820826
3560 -13.34847187
3568 -10.11121832
3576 -9.826876363
3584 -5.267987772
3592 -11.29863922
3600 -11.09294837
3608 -13.84572831
3616 -10.68185746
3624 -15.11677727
3632 -13.2238903
3640 -14.30363678
3648 -9.860680405
3656 -15.12832861
3664 -14.07633973
3672 -16.00501149
3680 -11.98252128
3688 -15.58679794
3696 -12.85056256
3704 -13.08748372
3712 -8.222088896
3720 -13.88385438
3728 -13.2552874
3736 -15.60165001
3744 -12.00174871
3752 -16.02933755
3760 -13.70941396
3768 -14.36785707
3776 -9.508452054
3784 -14.34719719
3792 -12.8770337
3800 -14.37569793
3808 -9.956385771
3816 -13.11695527
3824 -9.984356818
3832 -9.802482714
3840 -4.959164446
3848 -10.7733435
3856 -10.35802328
3864 -12.89281775
3872 -9.528886449
3880 -13.73568623
3888 -11.64015151
3896 -12.50333267
3904 -7.876316346
3912 -12.90017051
3920 -11.64464063
3928 -13.34701982
3936 -9.147864337
3944 -12.50948197
3952 -9.589519599
3960 -9.614840267
3968 -4.593041172
3976 -9.983094153
3984 -9.152758489
3992 -11.2593984
4000 -7.49826859
4008 -11.2602029
4016 -8.764948229
4024 -9.204657525
4032 -4.212997135
4040 -8.76596521
4048 -7.112561591
4056 -8.376867639
4064 -3.829871035
4072 -6.725349141
4080 -3.446372765
4088 -3.063186045
4095 -1.917274192
