# x y  (written by maestro2tex)
0 0
8 -3.339311249
16 -3.339166706
24 -4.103759266
32 -3.338885526
40 -5.41801459
48 -4.103089531
56 -3.557051322
64 -3.337908553
72 -6.076004086
80 -5.416399088
88 -5.535033869
96 -4.100861035
104 -5.534020375
112 -3.553945204
120 -2.34407857
128 -3.334075114
136 -6.401846413
144 -6.071012053
152 -6.524001589
160 -5.410312392
168 -7.186284407
176 -5.527558521
184 -4.650813492
192 -4.092171782
200 -6.518586922
208 -5.523656855
216 -5.310324893
224 -3.54205222
232 -4.644430031
240 -2.330334047
248 -0.7835407832
256 -3.318781237
264 -6.550854976
272 -6.3842752
280 -7.004454764
288 -6.051384174
296 -7.999216077
304 -6.501927633
312 -5.792685436
320 -5.386156396
328 -7.992846911
336 -7.159320743
344 -7.118404365
352 -5.498154479
360 -6.781149287
368 -4.6185309
376 -3.237248939
384 -4.057534363
392 -6.980521039
400 -6.480501622
408 -6.769662473
416 -5.482627557
424 -7.09878126
432 -5.265827807
440 -4.21705355
448 -3.494754769
456 -5.757492688
464 -4.593233696
472 -4.207768312
480 -2.275941602
488 -3.206543509
496 -0.7253678483
504 0.9944861704
512 -3.257642025
520 -6.570209109
528 -6.484887885
536 -7.187480326
544 -6.314329101
552 -8.346805208
560 -6.929797516
568 -6.303546058
576 -5.973064971
584 -8.668738211
592 -7.915588184
600 -7.96024216
608 -6.414132975
616 -7.786730397
624 -5.699901478
632 -4.401129191
640 -5.289659388
648 -8.310124635
656 -7.890198746
664 -8.269104328
672 -7.051901338
680 -8.76459803
688 -7.005242597
696 -6.041300666
704 -5.380827507
712 -7.74602409
720 -6.657366944
728 -6.36110064
736 -4.490004497
744 -5.51816607
752 -3.102909713
760 -1.463942907
768 -3.919099606
776 -7.087562962
784 -6.834374778
792 -7.373864401
800 -6.328586347
808 -8.201345116
816 -6.610704456
824 -5.812443892
832 -5.318793333
840 -7.849862228
848 -6.92698708
856 -6.798491902
864 -5.08844034
872 -6.287520529
880 -4.032675854
888 -2.559229803
896 -3.305793084
904 -6.146314542
912 -5.559557342
920 -5.759048985
928 -4.38899498
936 -5.916326421
944 -3.9956394
952 -2.854535784
960 -2.058776593
968 -4.230378058
976 -2.980441406
984 -2.502174657
992 -0.4934051655
1000 -1.330265631
1008 1.234013935
1016 3.045689918
1024 -3.013242396
1032 -6.361222167
1040 -6.3146361
1048 -7.055097932
1056 -6.221497815
1064 -8.292118211
1072 -6.914248532
1080 -6.326995154
1088 -6.034890961
1096 -8.770430939
1104 -8.056111012
1112 -8.140633656
1120 -6.631841481
1128 -8.045456097
1136 -5.996123631
1144 -4.736624411
1152 -5.660100466
1160 -8.724440544
1168 -8.343103165
1176 -8.763784571
1184 -7.581721284
1192 -9.33867456
1200 -7.615658567
1208 -6.692003879
1216 -6.063468544
1224 -8.47546106
1232 -7.423732895
1240 -7.169504551
1248 -5.329615503
1256 -6.403088534
1264 -4.020901951
1272 -2.420798316
1280 -4.90404728
1288 -8.124562434
1296 -7.909672141
1304 -8.494788495
1312 -7.480325715
1317 -12.16680044
1320 -9.403606451
1328 -7.846800533
1336 -7.090508776
1344 -6.622822756
1352 -9.20826223
1360 -8.321115579
1368 -8.237683877
1376 -6.55354103
1384 -7.803373734
1392 -5.578161793
1400 -4.144361916
1408 -4.912109742
1416 -7.811592032
1424 -7.261246183
1432 -7.508523656
1440 -6.163183727
1448 -7.745284285
1456 -5.853990715
1464 -4.754401806
1472 -3.976723743
1480 -6.207489832
1488 -4.989792713
1496 -4.556900057
1504 -2.566731175
1512 -3.456520618
1520 -0.9162639328
1528 0.8577186229
1536 -3.366015572
1544 -6.647790919
1552 -6.51540835
1560 -7.174297605
1568 -6.250821535
1576 -8.244467303
1584 -6.774757044
1592 -6.098307035
1600 -5.72185674
1608 -8.379236748
1616 -7.576384357
1624 -7.572465601
1632 -5.976178235
1640 -7.304003264
1648 -5.163933262
1656 -3.812088908
1664 -4.664422281
1672 -7.64308185
1680 -7.175138653
1688 -7.50457845
1696 -6.241168752
1704 -7.906653373
1712 -6.096775716
1720 -5.079928639
1728 -4.380146291
1736 -6.697611465
1744 -5.560404168
1752 -5.211783404
1760 -3.296801807
1768 -4.27382757
1776 -1.809580436
1784 -0.116884221
1792 -2.551126513
1800 -5.668691832
1808 -5.368663904
1816 -5.85487778
1824 -4.769416395
1832 -6.588286168
1840 -4.950941524
1848 -4.098587668
1856 -3.573556028
1864 -6.048740254
1872 -5.079550207
1880 -4.895942169
1888 -3.149044242
1896 -4.291414101
1904 -1.992378812
1912 -0.4650500062
1920 -1.191699193
1928 -3.972107338
1936 -3.33962451
1944 -3.482129082
1952 -2.078046662
1960 -3.545283801
1968 -1.582039986
1976 -0.3861960637
1984 0.4325279531
1992 -1.676235935
2000 -0.3830311305
2008 0.151942629
2016 2.189804468
2024 1.413540342
2032 4.016324359
2040 5.8807028
2048 -2.037420391
2056 -5.387674537
2064 -5.356647531
2072 -6.106517496
2080 -5.294614507
2088 -7.37144155
2096 -6.012622346
2104 -5.438484833
2112 -5.170173226
2120 -7.910953378
2128 -7.213928827
2136 -7.310224611
2144 -5.82402513
2152 -7.246569446
2160 -5.2173425
2168 -3.972736396
2176 -4.919545876
2184 -7.989940542
2192 -7.624985735
2200 -8.057360887
2208 -6.896259467
2216 -8.662530666
2224 -6.958416138
2232 -6.049248627
2240 -5.442893998
2248 -7.863659763
2256 -6.829364002
2264 -6.588646439
2272 -4.769778333
2280 -5.854791863
2288 -3.491764716
2296 -1.907235002
2304 -4.411169488
2312 -7.640721639
2320 -7.441713476
2328 -8.03969969
2336 -7.044072603
2344 -8.97880332
2352 -7.439514074
2360 -6.697998885
2368 -6.249754292
2376 -8.846567352
2384 -7.976007207
2392 -7.906892173
2400 -6.24134812
2408 -7.504449891
2416 -5.296726879
2424 -3.878459724
2432 -4.664534648
2440 -7.57659991
2448 -7.042259648
2456 -7.304150701
2464 -5.976058099
2472 -7.572245031
2480 -5.69751925
2488 -4.613402616
2496 -3.852741007
2504 -6.097871549
2512 -4.896165837
2520 -4.478650463
2528 -2.50476319
2536 -3.409760215
2544 -0.8853485458
2552 0.8731009371
2560 -3.365912109
2568 -6.663248635
2576 -6.546414834
2584 -7.221152543
2592 -6.312890265
2600 -8.322859074
2608 -6.868464784
2616 -6.207930566
2624 -5.84591633
2632 -8.52047816
2640 -7.732982576
2648 -7.745499573
2656 -6.163290026
2664 -7.508372731
2672 -5.382730183
2680 -4.046685544
2688 -4.911946066
2696 -7.909436424
2704 -7.456807587
2712 -7.803499227
2720 -6.553349068
2728 -8.23744218
2736 -6.44158
2744 -5.440990861
2752 -4.7528969
2760 -7.090132476
2768 -5.967350594
2776 -5.635852408
2784 -3.732354751
2792 -4.72816001
2800 -2.276426194
2808 -0.5992030041
2816 -3.043575403
2824 -6.183147296
2832 -5.89828847
2840 -6.40323611
2848 -5.329305011
2856 -7.169206234
2864 -5.544869167
2872 -4.709407808
2880 -4.193685835
2888 -6.691569694
2896 -5.736307087
2904 -5.570978669
2912 -3.833463426
2920 -4.996708364
2928 -2.708821385
2936 -1.197251366
2944 -1.931206239
2952 -4.736123426
2960 -4.117901419
2968 -4.279798705
2976 -2.88471131
2984 -4.374428764
2992 -2.422314495
3000 -1.243019817
3008 -0.4303976122
3016 -2.563494913
3024 -1.282711466
3032 -0.7659570429
3040 1.265469925
3048 0.4676991234
3056 3.061616213
3064 4.911135732
3072 -1.162231798
3080 -4.468793058
3088 -4.391309863
3096 -5.09153717
3104 -4.236415497
3112 -6.264737945
3120 -4.857500477
3128 -4.230843117
3136 -3.926434729
3144 -6.61738537
3152 -5.873034273
3160 -5.916497784
3168 -4.389026437
3176 -5.758839681
3184 -3.682380245
3192 -2.384109057
3200 -3.305420549
3208 -6.3215618
3216 -5.909910673
3224 -6.287521299
3232 -5.088092887
3240 -6.798107955
3248 -5.048493209
3256 -4.08479979
3264 -3.449705635
3272 -5.811922186
3280 -4.732145065
3288 -4.435539206
3296 -2.582307162
3304 -3.609006791
3312 -1.203590965
3320 0.4345964344
3328 -2.058961503
3336 -5.224644971
3344 -4.979422733
3352 -5.518177593
3360 -4.489528812
3368 -6.360651526
3376 -4.778990054
3384 -3.981071122
3392 -3.511377963
3400 -6.040712984
3408 -5.126246554
3416 -4.997756739
3424 -3.304339101
3432 -4.502744301
3440 -2.256897995
3448 -0.7841796462
3456 -1.561093783
3464 -4.400543644
3472 -3.821826638
3480 -4.021428854
3488 -2.667248052
3496 -4.194271679
3504 -2.282065977
3512 -1.141612695
3520 -0.3686226772
3528 -2.540070084
3536 -1.298210001
3544 -0.8204721984
3552 1.17291414
3560 0.3356890858
3568 2.891938653
3576 4.702979826
3584 0.451879117
3592 -2.762452427
3600 -2.599979389
3608 -3.206457309
3616 -2.275288561
3624 -4.207155255
3632 -2.716328517
3640 -1.995623097
3648 -1.626406202
3656 -4.216223162
3664 -3.387982457
3672 -3.334502805
3680 -1.737228224
3688 -3.005550593
3696 -0.850305981
3704 0.5414187211
3712 -0.3302604377
3720 -3.236418362
3728 -2.741042832
3736 -3.017259492
3744 -1.752388918
3752 -3.353579429
3760 -1.527357492
3768 -0.4676850324
3776 0.2173094223
3784 -2.029837507
3792 -0.8711507786
3800 -0.4738412828
3808 1.435261811
3816 0.5182472237
3824 2.992269618
3832 4.722282622
3840 2.256119068
3848 -0.7825856148
3856 -0.4543590381
3864 -0.8837102668
3872 0.2011546239
3880 -1.548108233
3888 0.1048376667
3896 1.002236399
3904 1.509043438
3912 -0.8894454044
3920 0.1013154576
3928 0.3368113221
3936 2.074824173
3944 0.9974452988
3952 3.304605784
3960 4.870765909
3968 4.113021207
3976 1.41407973
3984 2.070943075
3992 1.984367695
4000 3.38111585
4008 1.983773776
4016 3.957241414
4024 5.195435226
4032 5.988247253
4040 3.956398541
4048 5.266529006
4056 5.85101993
4064 7.873246878
4072 7.160440506
4080 9.765903313
4088 11.66568393
4095 17.40551747
