# x y  (written by maestro2tex)
1 -0.000882356282
8 9.334036348e-05
15 0.00110416186
22 0.001414369167
29 0.0002208527349
36 0.00101852372
43 0.0005695454419
50 0.0009588866486
57 -0.0002067840935
64 -0.01578562829
71 0.0008142055116
78 0.001662939866
85 -9.374055741e-05
92 0.00165553666
99 0.0003776304156
106 0.001176088244
113 -0.0004083563931
120 0.0009323568702
127 0.001624236983
134 0.001286651566
141 3.589155934e-05
148 0.001159794302
155 0.0007196299691
162 0.0008111401495
169 -0.0004079791551
176 -0.001375246873
183 0.001124782288
190 0.002035230546
197 -0.0001626676677
204 0.001457403833
211 0.0005077958282
218 0.001333743867
225 -0.000484393774
232 0.0005687158259
239 0.001429433323
246 0.001793121779
253 0.0006588308601
260 0.0009432918468
267 0.0005100045548
274 0.00084983074
281 -0.0003276239412
288 -0.006427206179
295 0.0008815710935
302 0.001722501854
309 3.124394225e-05
316 0.00176525571
323 0.0003024386794
330 0.001050633061
337 -0.0005350143909
344 0.0006434994532
351 0.001435593727
358 0.00146719979
365 0.0002930728314
372 0.001415599339
379 0.001012634037
386 0.0007856565384
393 -0.0003889861265
400 -0.001852031238
407 0.001045045124
414 0.001902632127
421 -3.85593143e-05
428 0.001529394438
435 0.0006466830752
442 0.001443525707
449 -0.0004669498213
456 0.0003773897379
463 0.001343268881
470 0.001639882281
477 0.0005476473849
484 0.0012979241
491 0.000926429431
498 0.001292965658
505 0.000252723488
512 -0.14166787
519 0.0008013542165
526 0.001591591965
533 -8.596079195e-05
540 0.001544559001
547 0.0003262442746
554 0.001066698756
561 -0.0004526229813
568 0.0007149488156
575 0.001496597886
582 0.00129130679
589 0.0001291632958
596 0.001160842921
603 0.0007834475779
610 0.0008751734031
617 -0.0002402146047
624 -0.001207058338
631 0.001216212522
638 0.00205994537
645 -0.0001518831432
652 0.001309990738
659 0.0004503940175
666 0.001199786949
673 -0.0005147970709
680 0.0003245296347
687 0.001284858476
694 0.001580970769
701 0.0005482550376
708 0.001031615494
715 0.0006938729827
722 0.0009952571466
729 -1.82305466e-05
736 -0.005043042423
743 0.001103647918
750 0.001843625395
757 0.000376108295
764 0.001871627925
771 0.0003790839165
778 0.001021294199
785 -0.0003896452445
792 0.0004613048493
799 0.001401649681
806 0.001354392569
813 0.0003210439949
820 0.00123017805
827 0.0009658188137
834 0.0008351045565
841 -0.0001821795494
848 -0.001765379905
855 0.0011196656
862 0.001866507087
869 0.000179443345
876 0.001495142753
883 0.0008044069692
890 0.001487234173
897 -0.0003084278738
904 0.000185719579
911 0.001306720785
918 0.001508085842
925 0.0005798704295
932 0.001099808852
939 0.0008717393259
946 0.001149558793
953 0.0002740693358
960 -0.01237593449
967 0.001129461935
974 0.001751903395
981 0.0004186019496
988 0.001680757407
995 0.0008213858184
1002 0.001382527356
1009 0.0002366567778
1016 0.0009958605934
1023 0.001824579326
1030 0.001184307711
1037 0.0001746810167
1044 0.001001361351
1051 0.0007539919817
1058 0.0007600569845
1065 -0.000224377204
1072 -0.001669502514
1079 0.001094907652
1086 0.00185157565
1093 -4.906654375e-05
1100 0.001222105472
1107 0.0005138257759
1114 0.001177537625
1121 -0.0003340410899
1128 0.0002807827588
1135 0.001311834255
1142 0.001568728975
1149 0.0006772704661
1156 0.0008380123658
1163 0.0006122797548
1170 0.000843110591
1177 -5.904646231e-05
1184 -0.00626584142
1191 0.0009398860299
1198 0.001597801389
1205 0.0002570839298
1212 0.00157147821
1219 0.000491778209
1226 0.001047446373
1233 -0.0001651605055
1240 0.0005002565667
1247 0.001456406428
1254 0.001424415258
1261 0.000550263233
1268 0.0012987897
1275 0.0011433273
1282 0.0007259938077
1289 -0.0001551985195
1296 -0.002174961351
1303 0.001004848184
1310 0.001665078685
1317 0.0001075469171
1324 0.001229784117
1331 0.0006569957147
1338 0.001266008067
1345 -0.0002553885467
1352 3.77501021e-05
1359 0.001213782594
1366 0.001380865074
1373 0.0005913640273
1380 0.0009823922499
1387 0.000855515794
1394 0.001095072311
1401 0.0003677567822
1408 -0.02931636214
1415 0.0009713610676
1422 0.001508296056
1429 0.0003197416409
1436 0.001363338507
1443 0.00063411745
1450 0.001111149185
1457 0.0001169285434
1464 0.0005721463809
1471 0.00155915972
1478 0.001329753753
1485 0.0005852603108
1492 0.001098346138
1499 0.00106298624
1506 0.001061687316
1513 0.0003714954141
1520 -0.001125509916
1527 0.001412743252
1534 0.001956476159
1541 0.000211453621
1548 0.001053800579
1555 0.0006367167564
1562 0.001111516376
1569 -5.678640159e-05
1576 2.821318613e-05
1583 0.001256911125
1590 0.001390811642
1597 0.0007628330441
1604 0.0007861246964
1611 0.0007766532083
1618 0.0009135970115
1625 0.0002968714632
1632 -0.005736782246
1639 0.001065058369
1646 0.001545335615
1653 0.0005918991086
1660 0.001476087065
1667 0.0006199180591
1674 0.0009858622102
1681 0.0001115094428
1688 0.0002050978998
1695 0.001387373277
1702 0.001236741056
1709 0.0006455658404
1716 0.001022412799
1723 0.001100790712
1730 0.0009046298519
1737 0.000331353835
1744 -0.001908730778
1751 0.001205220061
1758 0.001654808417
1765 0.0006128084013
1772 0.001256945451
1779 0.001045037067
1786 0.001425889836
1793 0.0001912186092
1800 -0.0001327200504
1807 0.001275397087
1814 0.001293835935
1821 0.0008250917535
1828 0.0008228451538
1835 0.0009583756864
1842 0.001042166832
1849 0.0006215409459
1856 -0.01430497609
1863 0.001107279204
1870 0.001434554932
1877 0.000665465537
1884 0.001247970859
1891 0.0009144882509
1898 0.001175889702
1905 0.0005950324511
1912 0.0005131618419
1919 0.00164953083
1926 0.001251823103
1933 0.0008240221288
1940 0.0009256245159
1947 0.001137864763
1954 0.001011998475
1961 0.0006389715795
1968 -0.001581072809
1975 0.00137068111
1982 0.001713947669
1989 0.0007989083245
1996 0.00113184041
2003 0.001089648948
2010 0.001336148703
2017 0.0007400551448
2024 0.0002239589877
2031 0.001588421487
2038 0.001591346895
2045 0.001335064115
2048 -0.5182373828
2052 0.000616789609
2059 0.0007779202565
2066 0.0008224493419
2073 0.0003797408724
2080 -0.006912321133
2087 0.000995005939
2094 0.001351938486
2101 0.0005821377414
2108 0.00122237336
2115 0.0006613444491
2122 0.0009302643433
2129 0.000261020291
2136 0.000108183225
2143 0.001356246801
2150 0.001185062254
2157 0.0007507111404
2164 0.0009656829825
2171 0.001159850353
2178 0.0007615517683
2185 0.0003193919204
2192 -0.002361758743
2199 0.00106819879
2206 0.001442890651
2213 0.0005091787533
2220 0.0009795037852
2227 0.000874752363
2234 0.001187354088
2241 0.0003258951551
2248 -0.0001707250152
2255 0.001262270166
2262 0.001259948121
2269 0.000917362872
2276 0.000835960704
2283 0.001065693038
2290 0.00112521827
2297 0.0008439086077
2304 -0.06752536412
2311 0.0009898606077
2318 0.001252723646
2325 0.0005834368785
2332 0.001015879485
2339 0.0007560226807
2346 0.0009623574023
2353 0.0004685178043
2360 0.0001753787687
2367 0.001441025446
2374 0.001079833535
2381 0.0007376922385
2388 0.0007543049588
2395 0.001040260306
2402 0.0009101776096
2409 0.0006203269424
2416 -0.001647470046
2423 0.001289534391
2430 0.001575557007
2437 0.0006475440675
2444 0.0008446883734
2451 0.0008871058772
2458 0.001064545662
2465 0.0005429294605
2472 -0.0001540350618
2479 0.001321230356
2486 0.001274162505
2493 0.001106208597
2500 0.0007087957212
2507 0.001069807075
2514 0.001021673703
2521 0.000877300088
2528 -0.005199325431
2535 0.001289627916
2542 0.001454483888
2549 0.001092690741
2556 0.001281489593
2563 0.0008074505753
2570 0.0008960709844
2577 0.0005506503193
2584 -0.0001436596264
2591 0.00132834391
2598 0.001043576829
2605 0.0008650083114
2612 0.0007250276024
2619 0.001144644127
2626 0.0008135537385
2633 0.0006478858433
2640 -0.002349302346
2647 0.001144146054
2654 0.001324957071
2661 0.0008180283536
2668 0.000864349156
2675 0.00108523361
2682 0.001200656415
2689 0.0006333935699
2696 -0.0004169682887
2703 0.00123316122
2710 0.001084005283
2717 0.001031485274
2724 0.000587641038
2731 0.001059224855
2738 0.0009837773266
2745 0.0009824805411
2752 -0.01357256122
2759 0.00117067917
2766 0.001213583293
2773 0.0009806211261
2780 0.0009348721013
2787 0.001118337528
2794 0.001102862615
2801 0.001064595307
2808 0.0002209368985
2815 0.001602346773
2822 0.001025664086
2829 0.001014711867
2836 0.0005986678894
2843 0.001159881571
2850 0.0008991566892
2857 0.0009356699674
2864 -0.002080083736
2871 0.001272664097
2878 0.00134674124
2885 0.0009837034356
2892 0.0006981391657
2899 0.001102884057
2906 0.001075629549
2913 0.001032091991
2920 -0.0002486606921
2927 0.001394811944
2934 0.001231778638
2941 0.001398043
2948 0.000559551519
2955 0.001190811703
2962 0.0009946689964
2969 0.001167544549
2976 -0.006248371555
2983 0.001283647317
2990 0.001225123774
2997 0.001262556743
3004 0.000950292013
3011 0.001265947437
3018 0.001098245837
3025 0.001255381572
3032 -4.485078262e-05
3039 0.001549331039
3046 0.001227770875
3053 0.001452635868
3060 0.0008480089565
3067 0.001562374161
3074 0.0008546495016
3081 0.001041213885
3088 -0.002720885737
3095 0.001203425007
3102 0.001168444152
3109 0.001075862771
3116 0.0006189757324
3123 0.001170595072
3130 0.00107980763
3137 0.001059019103
3144 -0.0005462075844
3151 0.001281701509
3158 0.001021491016
3165 0.001283985665
3172 0.000509267761
3179 0.00123818284
3186 0.001053233961
3193 0.001366105916
3200 -0.03245268359
3207 0.001193931365
3214 0.001046965002
3221 0.001160723566
3228 0.0006696655116
3235 0.00116605992
3242 0.000959518886
3249 0.001256920245
3256 -0.0001578147995
3263 0.001464957471
3270 0.000997903769
3277 0.001281624589
3284 0.0005258003507
3291 0.001323311815
3298 0.001035587606
3305 0.001379032586
3312 -0.001822928095
3319 0.001449314376
3326 0.001323691868
3333 0.001216498556
3340 0.0004932642766
3347 0.001195677058
3354 0.0009762404139
3361 0.001273941463
3368 -0.0005438509408
3375 0.001315795113
3382 0.001021944871
3389 0.001460756977
3396 0.0003967145008
3403 0.00124482974
3410 0.0009551120944
3417 0.001412491483
3424 -0.005956308313
3431 0.001319604682
3438 0.001083410391
3445 0.001480307319
3452 0.0007685205903
3459 0.001319816872
3466 0.0009730326889
3473 0.001454826332
3480 -0.0003896249955
3487 0.001427433129
3494 0.0009859571495
3501 0.001477879996
3508 0.0005239518889
3515 0.001465556936
3522 0.001059322245
3529 0.001569916829
3536 -0.002369910479
3543 0.001426462033
3550 0.001161988794
3557 0.001622478684
3564 0.0006533658969
3571 0.001587246431
3578 0.001255038737
3585 0.001541350197
3592 -0.0007020932858
3599 0.001367261404
3606 0.0009504754925
3613 0.001547850991
3620 0.0003623734176
3627 0.001360631574
3634 0.001015923872
3641 0.001664787817
3648 -0.01528769651
3655 0.00133802872
3662 0.0009692113041
3669 0.001527190767
3676 0.0005314627059
3683 0.001446165608
3690 0.001012684488
3697 0.001757195143
3704 -0.0002332485224
3711 0.001553650641
3718 0.0009295090844
3725 0.001556500442
3732 0.0003618216181
3739 0.001426206883
3746 0.001010491106
3753 0.001687436493
3760 -0.002266288481
3767 0.001429484083
3774 0.001085600428
3781 0.001670990862
3788 0.0004406584987
3795 0.001514226853
3802 0.001067720087
3809 0.001911994844
3816 -0.0004918612741
3823 0.001520117809
3830 0.001101104092
3837 0.001895785592
3844 0.0003570496303
3851 0.001494002308
3858 0.001036851677
3865 0.001833866727
3872 -0.006831494747
3879 0.001437470674
3886 0.0009644326183
3893 0.00176517156
3900 0.00053853326
3907 0.001581331268
3914 0.001014669488
3921 0.001938446553
3928 -0.0004776138076
3935 0.001510095679
3942 0.001001451974
3949 0.001831286376
3956 0.0004763878727
3963 0.001684233734
3970 0.001148540118
3977 0.001986071555
3984 -0.002672118411
3991 0.001513367856
3998 0.001020218163
4005 0.001900609018
4012 0.0004333690565
4019 0.00171110614
4026 0.001154958425
4033 0.002211456055
4040 -0.0006080447467
4047 0.001574501198
4054 0.00104222218
4061 0.001996846848
4068 0.0004946179633
4075 0.001756824085
4081 0.002333218421
4082 0.0012937802
4089 0.002293461835
4095 0.001711020735
