# assembled channel, EIS architecture A, nominal castalia_typ_25 at 37 C, simruns/eisdemo_20260825/ac
# f[Hz]  |phase error| [deg] -- fouled electrode, N = 0
0.1 0.000962057
0.125893 0.00121215
0.158489 0.00152447
0.199526 0.00194115
0.251189 0.00239674
0.316228 0.00304078
0.398107 0.00386088
0.501187 0.00482112
0.630957 0.00607319
0.794328 0.00766591
1 0.00961965
1.25893 0.0120839
1.58489 0.0151688
1.99526 0.0192155
2.51189 0.0238801
3.16228 0.0294315
3.98107 0.0364335
5.01187 0.0446224
6.30957 0.0539377
7.94328 0.0635733
10 0.0728721
12.5893 0.0802043
15.8489 0.084296
19.9526 0.0841821
25.1189 0.0799232
31.6228 0.0726573
39.8107 0.0638321
50.1187 0.0547108
63.0957 0.0464106
79.4328 0.0392799
100 0.0335508
125.893 0.029269
158.489 0.0263786
199.526 0.0247838
251.189 0.0244502
316.228 0.0254001
398.107 0.0276863
501.187 0.031444
630.957 0.0368721
794.328 0.0442593
1000 0.0540058
1258.93 0.0666317
1584.89 0.0827993
1995.26 0.103377
2511.89 0.129458
3162.28 0.16243
3981.07 0.204044
5000 0.255905
5011.87 0.25651
6309.57 0.322607
7943.28 0.405826
10000 0.510543
12589.3 0.642222
15848.9 0.807645
19952.6 1.01517
20000 1.01756
25118.9 1.27497
31622.8 1.59911
39810.7 2.0014
50118.7 2.49655
63095.7 3.0981
79432.8 3.81406
100000 4.63927
