# assembled channel, EIS architecture A, nominal castalia_typ_25 at 37 C, simruns/eisdeep_20260826/ac_dense
# f[Hz]  |phase error| [deg] -- 11.000 kOhm resistor, N = 0
0.01 0.0001
0.0112202 0.0001
0.0125893 0.0001
0.0141254 0.0001
0.0158489 0.0001
0.0177828 0.0001
0.0199526 0.0001
0.0223872 0.0001
0.0251189 0.0001
0.0281838 0.0001
0.0316228 0.0001
0.0354813 0.0001
0.0398107 0.0001
0.0446684 0.0001
0.0501187 0.0001
0.0562341 0.0001
0.0630957 0.0001
0.0707946 0.0001
0.0794328 0.0001
0.0891251 0.0001
0.1 0.0001
0.112202 0.0001
0.125893 0.0001
0.141254 0.0001
0.158489 0.0001
0.177828 0.0001
0.199526 0.0001
0.223872 0.0001
0.251189 0.0001
0.281838 0.0001
0.316228 0.0001
0.354813 0.0001
0.398107 0.0001
0.446684 0.0001
0.501187 0.0001
0.562341 0.0001
0.630957 0.0001
0.707946 0.0001
0.794328 0.0001
0.891251 0.0001
1 0.0001
1.12202 0.0001
1.25893 0.0001
1.41254 0.0001
1.58489 0.0001
1.77828 0.0001
1.99526 0.0001
2.23872 0.0001
2.51189 0.0001
2.81838 0.0001
3.16228 0.0001
3.54813 0.0001
3.98107 0.0001
4.46684 0.0001
5.01187 0.0001
5.62341 0.0001
6.30957 0.0001
7.07946 0.0001
7.94328 0.0001
8.91251 0.0001
10 0.0001
11.2202 0.0001
12.5893 0.0001
14.1254 0.0001
15.8489 0.0001
17.7828 0.0001
19.9526 0.0001
22.3872 0.000104273
25.1189 0.000116996
28.1838 0.000131271
31.6228 0.000147288
35.4813 0.00016526
39.8107 0.000185425
44.6684 0.000208049
50.1187 0.000233434
56.2341 0.000261917
63.0957 0.000293875
70.7946 0.000329733
79.4328 0.000369965
89.1251 0.00041511
100 0.000465757
112.202 0.000522591
125.893 0.000586358
141.254 0.000657901
158.489 0.000738173
177.828 0.000828242
199.526 0.000929306
223.872 0.0010427
251.189 0.00116993
281.838 0.00131268
316.228 0.00147285
354.813 0.00165257
398.107 0.00185421
446.684 0.00208046
501.187 0.00233431
562.341 0.00261914
630.957 0.00293872
707.946 0.00329729
794.328 0.0036996
891.251 0.00415102
1000 0.00465753
1122.02 0.00522586
1258.93 0.00586347
1412.54 0.00657886
1584.89 0.00738158
1778.28 0.00828222
1995.26 0.00929276
2238.72 0.0104266
2511.89 0.0116988
2818.38 0.0131261
3162.28 0.0147275
3548.13 0.0165242
3981.07 0.0185399
4466.84 0.0208015
5000 0.0232835
5011.87 0.0233388
5623.41 0.0261853
6309.57 0.0293786
7079.46 0.0329607
7943.28 0.0369791
8912.51 0.0414858
10000 0.0465413
11220.2 0.0522102
12589.3 0.0585664
14125.4 0.0656919
15848.9 0.07368
17782.8 0.0826298
19952.6 0.0926562
20000 0.0928748
22387.2 0.103883
25118.9 0.116446
28183.8 0.130497
31622.8 0.146198
35481.3 0.163724
39810.7 0.183261
44668.4 0.205003
50118.7 0.22915
56234.1 0.255896
63095.7 0.285423
70794.6 0.317885
79432.8 0.353388
89125.1 0.391966
100000 0.433547
