# assembled channel, EIS architecture A, nominal castalia_typ_25 at 37 C, simruns/eisdeep_20260826/ac_dense
# f[Hz]  |magnitude error| [%] -- fouled electrode, N = 0
0.01 0.0295286
0.0112202 0.0295034
0.0125893 0.0295002
0.0141254 0.0295247
0.0158489 0.0294739
0.0177828 0.029467
0.0199526 0.0295153
0.0223872 0.029523
0.0251189 0.0295081
0.0281838 0.0294933
0.0316228 0.0295072
0.0354813 0.0294754
0.0398107 0.0294433
0.0446684 0.0294679
0.0501187 0.0295104
0.0562341 0.0294412
0.0630957 0.0294838
0.0707946 0.0294506
0.0794328 0.0295223
0.0891251 0.0294844
0.1 0.0295124
0.112202 0.0295248
0.125893 0.0295331
0.141254 0.0295558
0.158489 0.0295387
0.177828 0.0295037
0.199526 0.0294832
0.223872 0.0295865
0.251189 0.0296261
0.281838 0.029555
0.316228 0.0294851
0.354813 0.0295448
0.398107 0.0296447
0.446684 0.0296381
0.501187 0.0297885
0.562341 0.0297521
0.630957 0.0298486
0.707946 0.0299814
0.794328 0.0300713
0.891251 0.0302786
1 0.0303718
1.12202 0.0307114
1.25893 0.030991
1.41254 0.0313753
1.58489 0.0318828
1.77828 0.0325219
1.99526 0.0334794
2.23872 0.0340996
2.51189 0.0354307
2.81838 0.0372096
3.16228 0.0389355
3.54813 0.0412308
3.98107 0.0440181
4.46684 0.0475942
5.01187 0.0518733
5.62341 0.0569386
6.30957 0.0633171
7.07946 0.0706782
7.94328 0.0795887
8.91251 0.0898758
10 0.101777
11.2202 0.114999
12.5893 0.129574
14.1254 0.145222
15.8489 0.161727
17.7828 0.178581
19.9526 0.195318
22.3872 0.211635
25.1189 0.226975
28.1838 0.241229
31.6228 0.254086
35.4813 0.265374
39.8107 0.275374
44.6684 0.2838
50.1187 0.291022
56.2341 0.296896
63.0957 0.301921
70.7946 0.305875
79.4328 0.309238
89.1251 0.312018
100 0.314107
112.202 0.315842
125.893 0.317258
141.254 0.318348
158.489 0.319281
177.828 0.319997
199.526 0.320615
223.872 0.321041
251.189 0.321458
281.838 0.321733
316.228 0.321993
354.813 0.322137
398.107 0.322322
446.684 0.322406
501.187 0.32257
562.341 0.322611
630.957 0.322723
707.946 0.322855
794.328 0.322859
891.251 0.322938
1000 0.322968
1122.02 0.323127
1258.93 0.323217
1412.54 0.323376
1584.89 0.323493
1778.28 0.32372
1995.26 0.323973
2238.72 0.324246
2511.89 0.324613
2818.38 0.32503
3162.28 0.325641
3548.13 0.326378
3981.07 0.327365
4466.84 0.328516
5000 0.32984
5011.87 0.32994
5623.41 0.331839
6309.57 0.334207
7079.46 0.33703
7943.28 0.340692
8912.51 0.345362
10000 0.351203
11220.2 0.358565
12589.3 0.367884
14125.4 0.379377
15848.9 0.394144
17782.8 0.412455
19952.6 0.435552
20000 0.43616
22387.2 0.46464
25118.9 0.501179
28183.8 0.547079
31622.8 0.604591
35481.3 0.676806
39810.7 0.76715
44668.4 0.880192
50118.7 1.02147
56234.1 1.1973
63095.7 1.41611
70794.6 1.6874
79432.8 2.02215
89125.1 2.4336
100000 2.93617
