# assembled channel, EIS architecture A, nominal castalia_typ_25 at 37 C, simruns/eisdeep_20260826/ac_dense
# f[Hz]  |magnitude error| [%] -- typical electrode, N = 20
0.01 0.011825
0.0112202 0.0118351
0.0125893 0.0118479
0.0141254 0.011763
0.0158489 0.0117833
0.0177828 0.0118087
0.0199526 0.0118409
0.0223872 0.0117803
0.0251189 0.0118312
0.0281838 0.0117944
0.0316228 0.0117741
0.0354813 0.0117746
0.0398107 0.0118015
0.0446684 0.0118613
0.0501187 0.0118621
0.0562341 0.0118143
0.0630957 0.0118325
0.0707946 0.0118325
0.0794328 0.0118367
0.0891251 0.0117705
0.1 0.0117696
0.112202 0.0117753
0.125893 0.0118413
0.141254 0.0118355
0.158489 0.0118417
0.177828 0.0117723
0.199526 0.011847
0.223872 0.0118468
0.251189 0.0117853
0.281838 0.011832
0.316228 0.0118177
0.354813 0.0117867
0.398107 0.0118317
0.446684 0.0118667
0.501187 0.0118441
0.562341 0.0118084
0.630957 0.011814
0.707946 0.0118317
0.794328 0.0118282
0.891251 0.0118895
1 0.011849
1.12202 0.0118929
1.25893 0.0119092
1.41254 0.0118342
1.58489 0.0118291
1.77828 0.0118714
1.99526 0.0118141
2.23872 0.0118329
2.51189 0.0121152
2.81838 0.0119341
3.16228 0.0122891
3.54813 0.0125085
3.98107 0.0124094
4.46684 0.0126668
5.01187 0.0128295
5.62341 0.0131664
6.30957 0.0135008
7.07946 0.014037
7.94328 0.0144995
8.91251 0.0152411
10 0.0159834
11.2202 0.0171169
12.5893 0.0184447
14.1254 0.0201352
15.8489 0.0223401
17.7828 0.0250139
19.9526 0.0285698
22.3872 0.0323516
25.1189 0.0375438
28.1838 0.044438
31.6228 0.0523233
35.4813 0.0625049
39.8107 0.0746003
44.6684 0.0899683
50.1187 0.108396
56.2341 0.130726
63.0957 0.157323
70.7946 0.188832
79.4328 0.22569
89.1251 0.267863
100 0.315591
112.202 0.368431
125.893 0.425575
141.254 0.485861
158.489 0.547959
177.828 0.610245
199.526 0.671114
223.872 0.729141
251.189 0.782999
281.838 0.831932
316.228 0.875549
354.813 0.913803
398.107 0.946795
446.684 0.974876
501.187 0.998674
562.341 1.01874
630.957 1.03553
707.946 1.04975
794.328 1.06212
891.251 1.07273
1000 1.0824
1122.02 1.09138
1258.93 1.10011
1412.54 1.1093
1584.89 1.11917
1778.28 1.13028
1995.26 1.1432
2238.72 1.15851
2511.89 1.1774
2818.38 1.20042
3162.28 1.22897
3548.13 1.26456
3981.07 1.30898
4466.84 1.36448
5000 1.43231
5011.87 1.43391
5623.41 1.52085
6309.57 1.62928
7079.46 1.76479
7943.28 1.9337
8912.51 2.14354
10000 2.40372
11220.2 2.72498
12589.3 3.11978
14125.4 3.60217
15848.9 4.18747
17782.8 4.8917
19952.6 5.73018
20000 5.74899
22387.2 6.71683
25118.9 7.86097
28183.8 9.16659
31622.8 10.6285
35481.3 12.2318
39810.7 13.9505
44668.4 15.7484
50118.7 17.5821
56234.1 19.404
63095.7 21.1683
70794.6 22.8345
79432.8 24.3709
89125.1 25.7571
100000 26.9834
