# assembled channel, EIS architecture A, nominal castalia_typ_25 at 37 C, simruns/eisdemo_20260825/ac
# f[Hz]  |magnitude error| [%] -- fresh electrode, N = 63
0.1 0.00312163
0.125893 0.00305953
0.158489 0.00313612
0.199526 0.00312935
0.251189 0.00307994
0.316228 0.00308864
0.398107 0.00305257
0.501187 0.0031158
0.630957 0.00307738
0.794328 0.00305713
1 0.00305073
1.25893 0.00313051
1.58489 0.00311065
1.99526 0.0027901
2.51189 0.0030407
3.16228 0.00304186
3.98107 0.00316281
5.01187 0.00297458
6.30957 0.00312548
7.94328 0.00312917
10 0.00315123
12.5893 0.00308097
15.8489 0.00316888
19.9526 0.00335668
25.1189 0.00335188
31.6228 0.00339313
39.8107 0.00322964
50.1187 0.0034932
63.0957 0.00393945
79.4328 0.00421672
100 0.00500239
125.893 0.00617516
158.489 0.00783984
199.526 0.0105563
251.189 0.0150981
316.228 0.0220181
398.107 0.0332072
501.187 0.0499134
630.957 0.0760458
794.328 0.115556
1000 0.174525
1258.93 0.261388
1584.89 0.388763
1995.26 0.575668
2511.89 0.852935
3162.28 1.26786
3981.07 1.8914
5000 2.80911
5011.87 2.82055
6309.57 4.17701
7943.28 6.08718
10000 8.63934
12589.3 11.8173
15848.9 15.4439
19952.6 19.193
20000 19.2309
25118.9 22.6925
31622.8 25.6604
39810.7 27.9788
50118.7 29.6754
63095.7 30.8585
79432.8 31.656
100000 32.1812
