# E_applied_V  i_WE_uA   (from m1_randles_v050.csv, t=49..97 s)
0.600000 0.609690
0.597276 0.586987
0.593276 0.582989
0.589276 0.578991
0.585276 0.574993
0.581276 0.570995
0.577276 0.566997
0.573276 0.562999
0.569276 0.559001
0.565276 0.555003
0.561276 0.551005
0.557276 0.547007
0.553276 0.543009
0.549276 0.539011
0.545276 0.535013
0.541276 0.531015
0.537276 0.527017
0.533276 0.523019
0.529276 0.519021
0.525276 0.515023
0.521276 0.511025
0.517276 0.507027
0.513276 0.503029
0.509276 0.499031
0.505276 0.495033
0.501276 0.491035
0.497276 0.487037
0.493276 0.483039
0.489276 0.479041
0.485276 0.475043
0.481276 0.471045
0.477276 0.467047
0.473276 0.463049
0.469276 0.459051
0.465276 0.455053
0.461276 0.451055
0.457276 0.447057
0.453276 0.443059
0.449276 0.439061
0.445276 0.435063
0.441276 0.431065
0.437276 0.427067
0.433276 0.423069
0.429276 0.419071
0.425276 0.415073
0.421276 0.411075
0.417276 0.407077
0.413276 0.403079
0.409276 0.399081
0.405276 0.395083
0.401276 0.391085
0.397276 0.387087
0.393276 0.383089
0.389276 0.379091
0.385276 0.375093
0.381276 0.371095
0.377276 0.367097
0.373276 0.363099
0.369276 0.359101
0.365276 0.355103
0.361276 0.351105
0.357276 0.347107
0.353276 0.343109
0.349276 0.339111
0.345276 0.335113
0.341276 0.331115
0.337276 0.327117
0.333276 0.323119
0.329276 0.319121
0.325276 0.315123
0.321276 0.311125
0.317276 0.307127
0.313276 0.303129
0.309276 0.299131
0.305276 0.295133
0.301276 0.291135
0.297276 0.287137
0.293276 0.283139
0.289276 0.279141
0.285276 0.275143
0.281276 0.271145
0.277276 0.267147
0.273276 0.263149
0.269276 0.259151
0.265276 0.255153
0.261276 0.251155
0.257276 0.247157
0.253276 0.243159
0.249276 0.239161
0.245276 0.235163
0.241276 0.231165
0.237276 0.227167
0.233276 0.223169
0.229276 0.219171
0.225276 0.215173
0.221276 0.211175
0.217276 0.207177
0.213276 0.203179
0.209276 0.199181
0.205276 0.195183
0.201276 0.191185
0.197276 0.187187
0.193276 0.183189
0.189276 0.179191
0.185276 0.175193
0.181276 0.171195
0.177276 0.167197
0.173276 0.163199
0.169276 0.159201
0.165276 0.155203
0.161276 0.151205
0.157276 0.147207
0.153276 0.143209
0.149276 0.139211
0.145276 0.135213
0.141276 0.131215
0.137276 0.127217
0.133276 0.123219
0.129276 0.119221
0.125276 0.115223
0.121276 0.111225
0.117276 0.107227
0.113276 0.103229
0.109276 0.099231
0.105276 0.095233
0.101276 0.091235
0.097276 0.087237
0.093276 0.083239
0.089276 0.079241
0.085276 0.075243
0.081276 0.071245
0.077276 0.067247
0.073276 0.063249
0.069276 0.059251
0.065276 0.055253
0.061276 0.051255
0.057276 0.047257
0.053276 0.043259
0.049276 0.039261
0.045276 0.035263
0.041276 0.031265
0.037276 0.027267
0.033276 0.023269
0.029276 0.019271
0.025276 0.015273
0.021276 0.011275
0.017276 0.007277
0.013276 0.003279
0.009276 -0.000719
0.005276 -0.004717
0.001276 -0.008715
-0.002724 -0.012713
-0.006724 -0.016711
-0.010724 -0.020709
-0.014724 -0.024707
-0.018724 -0.028705
-0.022724 -0.032703
-0.026724 -0.036701
-0.030724 -0.040699
-0.034724 -0.044697
-0.038724 -0.048695
-0.042724 -0.052693
-0.046724 -0.056691
-0.050724 -0.060689
-0.054724 -0.064687
-0.058724 -0.068685
-0.062724 -0.072683
-0.066724 -0.076681
-0.070724 -0.080679
-0.074724 -0.084677
-0.078724 -0.088675
-0.082724 -0.092673
-0.086724 -0.096671
-0.090724 -0.100669
-0.094724 -0.104667
-0.098724 -0.108665
-0.102724 -0.112663
-0.106724 -0.116661
-0.110724 -0.120659
-0.114724 -0.124657
-0.118724 -0.128655
-0.122724 -0.132653
-0.126724 -0.136651
-0.130724 -0.140649
-0.134724 -0.144647
-0.138724 -0.148645
-0.142724 -0.152643
-0.146724 -0.156641
-0.150724 -0.160639
-0.154724 -0.164637
-0.158724 -0.168635
-0.162724 -0.172633
-0.166724 -0.176631
-0.170724 -0.180629
-0.174724 -0.184627
-0.178724 -0.188625
-0.182724 -0.192623
-0.186724 -0.196621
-0.190724 -0.200619
-0.194724 -0.204617
-0.198724 -0.208615
-0.202724 -0.212613
-0.206724 -0.216611
-0.210724 -0.220609
-0.214724 -0.224607
-0.218724 -0.228605
-0.222724 -0.232603
-0.226724 -0.236601
-0.230724 -0.240599
-0.234724 -0.244597
-0.238724 -0.248595
-0.242724 -0.252593
-0.246724 -0.256591
-0.250724 -0.260589
-0.254724 -0.264587
-0.258724 -0.268585
-0.262724 -0.272583
-0.266724 -0.276581
-0.270724 -0.280579
-0.274724 -0.284577
-0.278724 -0.288575
-0.282724 -0.292573
-0.286724 -0.296571
-0.290724 -0.300569
-0.294724 -0.304567
-0.298724 -0.308565
-0.302724 -0.312563
-0.306724 -0.316561
-0.310724 -0.320559
-0.314724 -0.324557
-0.318724 -0.328555
-0.322724 -0.332553
-0.326724 -0.336551
-0.330724 -0.340549
-0.334724 -0.344547
-0.338724 -0.348545
-0.342724 -0.352543
-0.346724 -0.356541
-0.350724 -0.360539
-0.354724 -0.364537
-0.358724 -0.368535
-0.362724 -0.372533
-0.366724 -0.376531
-0.370724 -0.380529
-0.374724 -0.384527
-0.378724 -0.388525
-0.382724 -0.392523
-0.386724 -0.396521
-0.390724 -0.400519
-0.394724 -0.404517
-0.398724 -0.408515
-0.402724 -0.412513
-0.406724 -0.416511
-0.410724 -0.420509
-0.414724 -0.424507
-0.418724 -0.428505
-0.422724 -0.432503
-0.426724 -0.436501
-0.430724 -0.440499
-0.434724 -0.444497
-0.438724 -0.448495
-0.442724 -0.452493
-0.446724 -0.456491
-0.450724 -0.460489
-0.454724 -0.464487
-0.458724 -0.468485
-0.462724 -0.472483
-0.466724 -0.476481
-0.470724 -0.480479
-0.474724 -0.484477
-0.478724 -0.488475
-0.482724 -0.492473
-0.486724 -0.496471
-0.490724 -0.500469
-0.494724 -0.504467
-0.498724 -0.508465
-0.502724 -0.512463
-0.506724 -0.516461
-0.510724 -0.520459
-0.514724 -0.524457
-0.518724 -0.528455
-0.522724 -0.532453
-0.526724 -0.536451
-0.530724 -0.540449
-0.534724 -0.544447
-0.538724 -0.548445
-0.542724 -0.552443
-0.546724 -0.556441
-0.550724 -0.560439
-0.554724 -0.564437
-0.558724 -0.568435
-0.562724 -0.572433
-0.566724 -0.576431
-0.570724 -0.580429
-0.574724 -0.584427
-0.578724 -0.588425
-0.582724 -0.592423
-0.586724 -0.596421
-0.590724 -0.600419
-0.594724 -0.604417
-0.598724 -0.608415
-0.600000 -0.609690
-0.598826 -0.588538
-0.594826 -0.584539
-0.590826 -0.580541
-0.586826 -0.576543
-0.582826 -0.572545
-0.578826 -0.568547
-0.574826 -0.564549
-0.570826 -0.560551
-0.566826 -0.556553
-0.562826 -0.552555
-0.558826 -0.548557
-0.554826 -0.544559
-0.550826 -0.540561
-0.546826 -0.536563
-0.542826 -0.532565
-0.538826 -0.528567
-0.534826 -0.524569
-0.530826 -0.520571
-0.526826 -0.516573
-0.522826 -0.512575
-0.518826 -0.508577
-0.514826 -0.504579
-0.510826 -0.500581
-0.506826 -0.496583
-0.502826 -0.492585
-0.498826 -0.488587
-0.494826 -0.484589
-0.490826 -0.480591
-0.486826 -0.476593
-0.482826 -0.472595
-0.478826 -0.468597
-0.474826 -0.464599
-0.470826 -0.460601
-0.466826 -0.456603
-0.462826 -0.452605
-0.458826 -0.448607
-0.454826 -0.444609
-0.450826 -0.440611
-0.446826 -0.436613
-0.442826 -0.432615
-0.438826 -0.428617
-0.434826 -0.424619
-0.430826 -0.420621
-0.426826 -0.416623
-0.422826 -0.412625
-0.418826 -0.408627
-0.414826 -0.404629
-0.410826 -0.400631
-0.406826 -0.396633
-0.402826 -0.392635
-0.398826 -0.388637
-0.394826 -0.384639
-0.390826 -0.380641
-0.386826 -0.376643
-0.382826 -0.372645
-0.378826 -0.368647
-0.374826 -0.364649
-0.370826 -0.360651
-0.366826 -0.356653
-0.362826 -0.352655
-0.358826 -0.348657
-0.354826 -0.344659
-0.350826 -0.340661
-0.346826 -0.336663
-0.342826 -0.332665
-0.338826 -0.328667
-0.334826 -0.324669
-0.330826 -0.320671
-0.326826 -0.316673
-0.322826 -0.312675
-0.318826 -0.308677
-0.314826 -0.304679
-0.310826 -0.300681
-0.306826 -0.296683
-0.302826 -0.292685
-0.298826 -0.288687
-0.294826 -0.284689
-0.290826 -0.280691
-0.286826 -0.276693
-0.282826 -0.272695
-0.278826 -0.268697
-0.274826 -0.264699
-0.270826 -0.260701
-0.266826 -0.256703
-0.262826 -0.252705
-0.258826 -0.248707
-0.254826 -0.244709
-0.250826 -0.240711
-0.246826 -0.236713
-0.242826 -0.232715
-0.238826 -0.228717
-0.234826 -0.224719
-0.230826 -0.220721
-0.226826 -0.216723
-0.222826 -0.212725
-0.218826 -0.208727
-0.214826 -0.204729
-0.210826 -0.200731
-0.206826 -0.196733
-0.202826 -0.192735
-0.198826 -0.188737
-0.194826 -0.184739
-0.190826 -0.180741
-0.186826 -0.176743
-0.182826 -0.172745
-0.178826 -0.168747
-0.174826 -0.164749
-0.170826 -0.160751
-0.166826 -0.156753
-0.162826 -0.152755
-0.158826 -0.148757
-0.154826 -0.144759
-0.150826 -0.140761
-0.146826 -0.136763
-0.142826 -0.132765
-0.138826 -0.128767
-0.134826 -0.124769
-0.130826 -0.120771
-0.126826 -0.116773
-0.122826 -0.112775
-0.118826 -0.108777
-0.114826 -0.104779
-0.110826 -0.100781
-0.106826 -0.096783
-0.102826 -0.092785
-0.098826 -0.088787
-0.094826 -0.084789
-0.090826 -0.080791
-0.086826 -0.076793
-0.082826 -0.072795
-0.078826 -0.068797
-0.074826 -0.064799
-0.070826 -0.060801
-0.066826 -0.056803
-0.062826 -0.052805
-0.058826 -0.048807
-0.054826 -0.044809
-0.050826 -0.040811
-0.046826 -0.036813
-0.042826 -0.032815
-0.038826 -0.028817
-0.034826 -0.024819
-0.030826 -0.020821
-0.026826 -0.016823
-0.022826 -0.012825
-0.018826 -0.008827
-0.014826 -0.004829
-0.010826 -0.000831
-0.006826 0.003167
-0.002826 0.007165
0.001174 0.011163
0.005174 0.015161
0.009174 0.019159
0.013174 0.023157
0.017174 0.027155
0.021174 0.031153
0.025174 0.035151
0.029174 0.039149
0.033174 0.043147
0.037174 0.047145
0.041174 0.051143
0.045174 0.055141
0.049174 0.059139
0.053174 0.063137
0.057174 0.067135
0.061174 0.071133
0.065174 0.075131
0.069174 0.079129
0.073174 0.083127
0.077174 0.087125
0.081174 0.091123
0.085174 0.095121
0.089174 0.099119
0.093174 0.103117
0.097174 0.107115
0.101174 0.111113
0.105174 0.115111
0.109174 0.119109
0.113174 0.123107
0.117174 0.127105
0.121174 0.131103
0.125174 0.135101
0.129174 0.139099
0.133174 0.143097
0.137174 0.147095
0.141174 0.151093
0.145174 0.155091
0.149174 0.159089
0.153174 0.163087
0.157174 0.167085
0.161174 0.171083
0.165174 0.175081
0.169174 0.179079
0.173174 0.183077
0.177174 0.187075
0.181174 0.191073
0.185174 0.195071
0.189174 0.199069
0.193174 0.203067
0.197174 0.207065
0.201174 0.211063
0.205174 0.215061
0.209174 0.219059
0.213174 0.223057
0.217174 0.227055
0.221174 0.231053
0.225174 0.235051
0.229174 0.239049
0.233174 0.243047
0.237174 0.247045
0.241174 0.251043
0.245174 0.255041
0.249174 0.259039
0.253174 0.263037
0.257174 0.267035
0.261174 0.271033
0.265174 0.275031
0.269174 0.279029
0.273174 0.283027
0.277174 0.287025
0.281174 0.291023
0.285174 0.295021
0.289174 0.299019
0.293174 0.303017
0.297174 0.307015
0.301174 0.311013
0.305174 0.315011
0.309174 0.319009
0.313174 0.323007
0.317174 0.327005
0.321174 0.331003
0.325174 0.335001
0.329174 0.338999
0.333174 0.342997
0.337174 0.346995
0.341174 0.350993
0.345174 0.354991
0.349174 0.358989
0.353174 0.362987
0.357174 0.366985
0.361174 0.370983
0.365174 0.374981
0.369174 0.378979
0.373174 0.382977
0.377174 0.386975
0.381174 0.390973
0.385174 0.394971
0.389174 0.398969
0.393174 0.402967
0.397174 0.406965
0.401174 0.410963
0.405174 0.414961
0.409174 0.418959
0.413174 0.422957
0.417174 0.426955
0.421174 0.430953
0.425174 0.434951
0.429174 0.438949
0.433174 0.442947
0.437174 0.446945
0.441174 0.450943
0.445174 0.454941
0.449174 0.458939
0.453174 0.462937
0.457174 0.466935
0.461174 0.470933
0.465174 0.474931
0.469174 0.478929
0.473174 0.482927
0.477174 0.486925
0.481174 0.490923
0.485174 0.494921
0.489174 0.498919
0.493174 0.502917
0.497174 0.506915
0.501174 0.510913
0.505174 0.514911
0.509174 0.518909
0.513174 0.522907
0.517174 0.526905
0.521174 0.530903
0.525174 0.534901
0.529174 0.538899
0.533174 0.542897
0.537174 0.546895
0.541174 0.550893
0.545174 0.554891
0.549174 0.558889
0.553174 0.562887
0.557174 0.566885
0.561174 0.570883
0.565174 0.574881
0.569174 0.578879
0.573174 0.582877
0.577174 0.586875
0.581174 0.590873
0.585174 0.594871
0.589174 0.598869
0.593174 0.602867
0.597174 0.606865
0.600000 0.609690
