10.0000 0.2000
10.0200 0.2000
10.0420 0.2000
10.0640 0.2000
10.0860 0.2000
10.1080 0.2000
10.1300 0.2000
10.1500 0.2010
10.1500 0.2029
10.1500 0.2047
10.1500 0.2062
10.1500 0.2087
10.1500 0.2092
10.1500 0.2098
10.1500 0.2102
10.1500 0.2106
10.1500 0.2110
10.1500 0.2114
10.1500 0.2120
10.1500 0.2127
10.1500 0.2132
10.1500 0.2140
10.1500 0.2153
10.1500 0.2168
10.1500 0.2187
10.1500 0.2216
10.1500 0.2271
10.1500 0.2340
10.1500 0.2423
10.1500 0.2499
10.1707 0.2499
10.1927 0.2499
10.2000 0.2490
10.2000 0.2471
10.2000 0.2454
10.2000 0.2439
10.2000 0.2416
10.2000 0.2411
10.2000 0.2406
10.2000 0.2401
10.2000 0.2397
10.2000 0.2393
10.2000 0.2389
10.2000 0.2384
10.2000 0.2378
10.2000 0.2374
10.2000 0.2368
10.2000 0.2358
10.2000 0.2341
10.2000 0.2319
10.2000 0.2293
10.2000 0.2264
10.2000 0.2231
10.2000 0.2194
10.2000 0.2151
10.2000 0.2101
10.2000 0.2071
10.2000 0.2040
10.2200 0.2040
10.2420 0.2040
10.2640 0.2040
10.2860 0.2040
10.3080 0.2040
10.3300 0.2040
10.3500 0.2050
10.3500 0.2069
10.3500 0.2086
10.3500 0.2102
10.3500 0.2127
10.3500 0.2132
10.3500 0.2137
10.3500 0.2142
10.3500 0.2146
10.3500 0.2150
10.3500 0.2154
10.3500 0.2160
10.3500 0.2167
10.3500 0.2172
10.3500 0.2180
10.3500 0.2193
10.3500 0.2208
10.3500 0.2227
10.3500 0.2255
10.3500 0.2310
10.3500 0.2380
10.3500 0.2463
10.3500 0.2541
10.3706 0.2541
10.3926 0.2541
10.4000 0.2531
10.4000 0.2513
10.4000 0.2495
10.4000 0.2480
10.4000 0.2457
10.4000 0.2452
10.4000 0.2447
10.4000 0.2442
10.4000 0.2438
10.4000 0.2434
10.4000 0.2430
10.4000 0.2425
10.4000 0.2419
10.4000 0.2415
10.4000 0.2409
10.4000 0.2399
10.4000 0.2382
10.4000 0.2361
10.4000 0.2335
10.4000 0.2305
10.4000 0.2272
10.4000 0.2235
10.4000 0.2192
10.4000 0.2142
10.4000 0.2111
10.4000 0.2080
10.4216 0.2080
10.4436 0.2080
10.4656 0.2080
10.4876 0.2080
10.5096 0.2080
10.5316 0.2080
10.5500 0.2089
10.5500 0.2108
10.5500 0.2126
10.5500 0.2142
10.5500 0.2167
10.5500 0.2171
10.5500 0.2177
10.5500 0.2181
10.5500 0.2185
10.5500 0.2189
10.5500 0.2194
10.5500 0.2199
10.5500 0.2207
10.5500 0.2212
10.5500 0.2219
10.5500 0.2233
10.5500 0.2248
10.5500 0.2266
10.5500 0.2295
10.5500 0.2350
10.5500 0.2419
10.5500 0.2502
10.5500 0.2580
10.5706 0.2580
10.5926 0.2580
10.6000 0.2571
10.6000 0.2552
10.6000 0.2535
10.6000 0.2520
10.6000 0.2496
10.6000 0.2492
10.6000 0.2487
10.6000 0.2482
10.6000 0.2478
10.6000 0.2474
10.6000 0.2469
10.6000 0.2465
10.6000 0.2459
10.6000 0.2455
10.6000 0.2449
10.6000 0.2439
10.6000 0.2421
10.6000 0.2400
10.6000 0.2374
10.6000 0.2345
10.6000 0.2312
10.6000 0.2274
10.6000 0.2231
10.6000 0.2182
10.6000 0.2151
10.6000 0.2119
10.6216 0.2119
10.6436 0.2119
10.6656 0.2119
10.6876 0.2119
10.7096 0.2119
10.7316 0.2119
10.7500 0.2129
10.7500 0.2148
10.7500 0.2166
10.7500 0.2182
10.7500 0.2206
10.7500 0.2211
10.7500 0.2217
10.7500 0.2221
10.7500 0.2225
10.7500 0.2229
10.7500 0.2233
10.7500 0.2239
10.7500 0.2246
10.7500 0.2252
10.7500 0.2259
10.7500 0.2272
10.7500 0.2287
10.7500 0.2306
10.7500 0.2335
10.7500 0.2390
10.7500 0.2459
10.7500 0.2542
10.7500 0.2620
10.7706 0.2620
10.7926 0.2620
10.8000 0.2610
10.8000 0.2592
10.8000 0.2575
10.8000 0.2559
10.8000 0.2536
10.8000 0.2532
10.8000 0.2526
10.8000 0.2522
10.8000 0.2518
10.8000 0.2514
10.8000 0.2509
10.8000 0.2505
10.8000 0.2499
10.8000 0.2494
10.8000 0.2489
10.8000 0.2478
10.8000 0.2461
10.8000 0.2440
10.8000 0.2414
10.8000 0.2384
10.8000 0.2351
10.8000 0.2314
10.8000 0.2271
10.8000 0.2222
10.8000 0.2191
10.8000 0.2161
10.8200 0.2161
10.8420 0.2161
10.8640 0.2161
10.8860 0.2161
10.9080 0.2161
10.9300 0.2161
10.9500 0.2170
10.9500 0.2189
10.9500 0.2207
10.9500 0.2223
10.9500 0.2248
10.9500 0.2252
10.9500 0.2258
10.9500 0.2262
10.9500 0.2266
10.9500 0.2270
10.9500 0.2274
10.9500 0.2280
10.9500 0.2287
10.9500 0.2293
10.9500 0.2300
10.9500 0.2313
10.9500 0.2328
10.9500 0.2347
10.9500 0.2376
10.9500 0.2431
10.9500 0.2500
10.9500 0.2583
10.9500 0.2660
10.9707 0.2660
10.9927 0.2660
11.0000 0.2650
11.0000 0.2632
11.0000 0.2614
11.0000 0.2599
11.0000 0.2576
11.0000 0.2571
11.0000 0.2566
11.0000 0.2561
11.0000 0.2557
11.0000 0.2553
11.0000 0.2549
11.0000 0.2544
11.0000 0.2538
11.0000 0.2534
11.0000 0.2528
11.0000 0.2518
11.0000 0.2501
11.0000 0.2480
11.0000 0.2454
11.0000 0.2424
11.0000 0.2391
11.0000 0.2354
11.0000 0.2311
11.0000 0.2262
11.0000 0.2231
11.0000 0.2200
11.0200 0.2200
11.0420 0.2200
11.0640 0.2200
11.0860 0.2200
11.1080 0.2200
11.1300 0.2200
11.1500 0.2210
11.1500 0.2229
11.1500 0.2247
11.1500 0.2262
11.1500 0.2287
11.1500 0.2292
11.1500 0.2298
11.1500 0.2302
11.1500 0.2306
11.1500 0.2310
11.1500 0.2314
11.1500 0.2320
11.1500 0.2327
11.1500 0.2332
11.1500 0.2340
11.1500 0.2353
11.1500 0.2368
11.1500 0.2387
11.1500 0.2416
11.1500 0.2471
11.1500 0.2540
11.1500 0.2623
11.1500 0.2699
11.1707 0.2699
11.1927 0.2699
11.2000 0.2690
11.2000 0.2671
11.2000 0.2654
11.2000 0.2639
11.2000 0.2616
11.2000 0.2611
11.2000 0.2606
11.2000 0.2601
11.2000 0.2597
11.2000 0.2593
11.2000 0.2588
11.2000 0.2584
11.2000 0.2578
11.2000 0.2574
11.2000 0.2568
11.2000 0.2558
11.2000 0.2540
11.2000 0.2519
11.2000 0.2493
11.2000 0.2464
11.2000 0.2431
11.2000 0.2393
11.2000 0.2351
11.2000 0.2301
11.2000 0.2271
11.2000 0.2240
11.2200 0.2240
11.2420 0.2240
11.2640 0.2240
11.2860 0.2240
11.3080 0.2240
11.3300 0.2240
11.3500 0.2250
11.3500 0.2268
11.3500 0.2286
11.3500 0.2302
11.3500 0.2327
11.3500 0.2332
11.3500 0.2337
11.3500 0.2341
11.3500 0.2345
11.3500 0.2350
11.3500 0.2354
11.3500 0.2360
11.3500 0.2367
11.3500 0.2372
11.3500 0.2380
11.3500 0.2393
11.3500 0.2408
11.3500 0.2427
11.3500 0.2455
11.3500 0.2510
11.3500 0.2580
11.3500 0.2662
11.3500 0.2740
11.3706 0.2740
11.3926 0.2740
11.4000 0.2731
11.4000 0.2713
11.4000 0.2695
11.4000 0.2680
11.4000 0.2657
11.4000 0.2652
11.4000 0.2647
11.4000 0.2642
11.4000 0.2638
11.4000 0.2634
11.4000 0.2629
11.4000 0.2625
11.4000 0.2619
11.4000 0.2615
11.4000 0.2609
11.4000 0.2599
11.4000 0.2582
11.4000 0.2560
11.4000 0.2534
11.4000 0.2505
11.4000 0.2472
11.4000 0.2435
11.4000 0.2392
11.4000 0.2342
11.4000 0.2311
11.4000 0.2280
11.4216 0.2280
11.4436 0.2280
11.4656 0.2280
11.4876 0.2280
11.5096 0.2280
11.5316 0.2280
11.5500 0.2289
11.5500 0.2308
11.5500 0.2326
11.5500 0.2342
11.5500 0.2367
11.5500 0.2371
11.5500 0.2377
11.5500 0.2381
11.5500 0.2385
11.5500 0.2389
11.5500 0.2394
11.5500 0.2399
11.5500 0.2406
11.5500 0.2412
11.5500 0.2419
11.5500 0.2432
11.5500 0.2448
11.5500 0.2466
11.5500 0.2495
11.5500 0.2550
11.5500 0.2619
11.5500 0.2702
11.5500 0.2780
11.5706 0.2780
11.5926 0.2780
11.6000 0.2771
11.6000 0.2752
11.6000 0.2735
11.6000 0.2719
11.6000 0.2696
11.6000 0.2692
11.6000 0.2686
11.6000 0.2682
11.6000 0.2678
11.6000 0.2674
11.6000 0.2669
11.6000 0.2665
11.6000 0.2659
11.6000 0.2655
11.6000 0.2649
11.6000 0.2639
11.6000 0.2621
11.6000 0.2600
11.6000 0.2574
11.6000 0.2545
11.6000 0.2512
11.6000 0.2474
11.6000 0.2431
11.6000 0.2382
11.6000 0.2351
11.6000 0.2319
11.6216 0.2319
11.6436 0.2319
11.6656 0.2319
11.6876 0.2319
11.7096 0.2319
11.7316 0.2319
11.7500 0.2329
11.7500 0.2348
11.7500 0.2366
11.7500 0.2381
11.7500 0.2406
11.7500 0.2411
11.7500 0.2417
11.7500 0.2421
11.7500 0.2425
11.7500 0.2429
11.7500 0.2433
11.7500 0.2439
11.7500 0.2446
11.7500 0.2452
11.7500 0.2459
11.7500 0.2472
11.7500 0.2487
11.7500 0.2506
11.7500 0.2535
11.7500 0.2590
11.7500 0.2659
11.7500 0.2742
11.7500 0.2820
11.7706 0.2820
11.7926 0.2820
11.8000 0.2810
11.8000 0.2792
11.8000 0.2775
11.8000 0.2759
11.8000 0.2736
11.8000 0.2732
11.8000 0.2726
11.8000 0.2722
11.8000 0.2718
11.8000 0.2714
11.8000 0.2709
11.8000 0.2705
11.8000 0.2699
11.8000 0.2694
11.8000 0.2688
11.8000 0.2678
11.8000 0.2661
11.8000 0.2640
11.8000 0.2614
11.8000 0.2584
11.8000 0.2551
11.8000 0.2514
11.8000 0.2471
11.8000 0.2422
11.8000 0.2391
11.8000 0.2361
11.8200 0.2361
11.8420 0.2361
11.8640 0.2361
11.8860 0.2361
11.9080 0.2361
11.9300 0.2361
11.9500 0.2370
11.9500 0.2389
11.9500 0.2407
11.9500 0.2423
11.9500 0.2447
11.9500 0.2452
11.9500 0.2458
11.9500 0.2462
11.9500 0.2466
11.9500 0.2470
11.9500 0.2474
11.9500 0.2480
11.9500 0.2487
11.9500 0.2493
11.9500 0.2500
11.9500 0.2513
11.9500 0.2528
11.9500 0.2547
11.9500 0.2576
11.9500 0.2631
11.9500 0.2700
11.9500 0.2783
11.9500 0.2859
11.9707 0.2859
11.9927 0.2859
12.0000 0.2850
12.0000 0.2832
12.0000 0.2814
12.0000 0.2799
12.0000 0.2776
12.0000 0.2771
12.0000 0.2766
12.0000 0.2761
12.0000 0.2757
12.0000 0.2753
12.0000 0.2749
12.0000 0.2744
12.0000 0.2738
12.0000 0.2734
12.0000 0.2728
12.0000 0.2718
12.0000 0.2701
12.0000 0.2680
12.0000 0.2654
12.0000 0.2624
12.0000 0.2591
12.0000 0.2554
12.0000 0.2511
12.0000 0.2461
12.0000 0.2431
12.0000 0.2400
