-0.400613 0.0177143
-0.400077 0.246
-0.399461 0.377714
-0.398971 0.413429
-0.398291 0.424286
-0.397603 0.422571
-0.39673 0.419429
-0.395401 0.417714
-0.392743 0.417429
-0.388037 0.417714
-0.380216 0.417714
-0.370862 0.417714
-0.354861 0.417714
-0.335395 0.417714
-0.314619 0.417714
-0.292328 0.417714
-0.268804 0.417714
-0.24437 0.417714
-0.219 0.417714
-0.19265 0.417714
-0.16526 0.417714
-0.13672 0.417714
-0.10693 0.417714
-0.07576 0.417714
-0.04311 0.417714
-0.00895 0.417714
0.02662 0.417714
0.06327 0.417714
0.10034 0.417714
0.13685 0.417714
0.17172 0.417714
0.20251 0.417714
0.22948 0.417714
0.25346 0.417714
0.27499 0.418
0.29456 0.418857
0.31259 0.421143
0.32789 0.425714
0.33909 0.431714
0.3476 0.438571
0.3545 0.446
0.36028 0.454
0.36527 0.462571
0.36956 0.471429
0.37355 0.480857
0.37726 0.490857
0.38078 0.501714
0.38412 0.513714
0.38732 0.526286
0.3904 0.54
0.39336 0.554571
0.39623 0.57
0.39901 0.586857
0.40173 0.604571
0.40438 0.623714
0.40697 0.644286
0.40952 0.666
0.41203 0.689429
0.4145 0.714286
0.41945 0.770286
0.4218 0.799714
0.4265 0.865429
0.42883 0.901429
0.4335 0.980857
0.4359 1.02514
0.44068 1.122
0.44323 1.17771
0.44623 1.24771
0.44908 1.31743
0.45217 1.39714
0.45551 1.48714
0.45935 1.59486
0.46418 1.73514
0.47148 1.94914
0.47866 2.14914
0.48381 2.276
0.48748 2.35371
0.49028 2.40429
0.49515 2.47257
0.4975 2.49571
0.5022 2.52257
0.50451 2.526
0.50913 2.51571
0.51166 2.50086
0.51475 2.47514
0.51779 2.44286
0.52129 2.39914
0.5254 2.34171
0.53247 2.23371
0.53775 2.15286
0.5449 2.04829
0.55193 1.95457
0.55758 1.88743
0.56271 1.832
0.56794 1.78057
0.57335 1.73171
0.57891 1.68629
0.58467 1.64314
0.59071 1.60229
0.59711 1.56314
0.60392 1.52571
0.61121 1.48914
0.61903 1.454
0.62748 1.41971
0.63662 1.38657
0.6461 1.35543
0.65572 1.32714
0.66544 1.30086
0.67524 1.27686
0.68508 1.25486
0.69495 1.23429
0.70485 1.21514
0.71478 1.19743
0.72474 1.18086
0.73474 1.16514
0.74478 1.15029
0.75486 1.13657
0.76499 1.12314
0.77518 1.11057
0.78542 1.09886
0.79237 1.09086
0.79932 1.08343
0.79873 0.605143
0.79808 0.353429
0.79746 0.277429
0.79688 0.267429
0.79633 0.272
0.79564 0.276857
0.79461 0.278857
0.79256 0.277143
0.78948 0.273714
0.78463 0.268571
0.77493 0.259143
0.76537 0.250571
0.75568 0.241714
0.74523 0.232857
0.73446 0.224
0.72351 0.215429
0.71229 0.207143
0.70083 0.198857
0.68914 0.190857
0.6772 0.182857
0.66499 0.174857
0.65251 0.166857
0.63973 0.158857
0.62664 0.150857
0.61322 0.142286
0.59944 0.132571
0.58528 0.121429
0.5707 0.107714
0.55567 0.0894286
0.54015 0.0634286
0.52614 0.0317143
0.51396 -0.00342857
0.50278 -0.0417143
0.49184 -0.0842857
0.48038 -0.131714
0.4671 -0.188286
0.44999 -0.259429
0.4312 -0.334286
0.41127 -0.420286
0.40139 -0.472571
0.39184 -0.534
0.38364 -0.599143
0.37725 -0.66
0.3717 -0.721143
0.36666 -0.784
0.36202 -0.848857
0.35729 -0.921429
0.35254 -1.00114
0.34753 -1.092
0.343 -1.17914
0.33394 -1.362
0.32714 -1.498
0.32178 -1.598
0.31659 -1.68286
0.31251 -1.73829
0.30935 -1.77257
0.30639 -1.79771
0.30357 -1.81429
0.30078 -1.82429
0.29798 -1.82714
0.29514 -1.82343
0.2922 -1.81286
0.28911 -1.79486
0.28578 -1.76886
0.28207 -1.73314
0.27771 -1.68486
0.27197 -1.61514
0.26695 -1.55229
0.25952 -1.462
0.25095 -1.36686
0.2443 -1.30286
0.23866 -1.25457
0.23295 -1.21029
0.22692 -1.168
0.22067 -1.12857
0.21416 -1.092
0.20728 -1.05714
0.19993 -1.02371
0.19201 -0.991714
0.18346 -0.960857
0.17417 -0.930857
0.16403 -0.902
0.15293 -0.874
0.14073 -0.846571
0.12729 -0.82
0.11244 -0.794
0.09601 -0.768571
0.07778 -0.744
0.05754 -0.720286
0.03502 -0.696857
0.00995 -0.674571
-0.01802 -0.652571
-0.04925 -0.631714
-0.08419 -0.611714
-0.12336 -0.592286
-0.16487 -0.574857
-0.20518 -0.560286
-0.24355 -0.548286
-0.279986 -0.538
-0.314441 -0.529429
-0.347083 -0.522
-0.378161 -0.515429
-0.400612 -0.511143
-0.398958 0.132571
-0.397132 0.311714
-0.396117 0.306571
-0.395159 0.295714
-0.394028 0.290571
-0.392134 0.289714
-0.388868 0.290857
-0.384463 0.292
