# x y  (written by maestro2tex)
0 0.7493799894
0.12 0.7493861559
0.36 0.749386157
0.4291691832 0.7493861598
0.5675075495 0.749386161
0.7837537748 0.7493861624
1 0.7493861636
1.025814928 0.7499011667
1.050710281 0.750398132
1.084987702 0.7510824227
1.14331573 0.7522469373
1.259971786 0.7545763087
1.292796066 0.7552318189
1.358444628 0.7565429358
1.393631393 0.7572457282
1.464004925 0.7586514127
1.504438984 0.7594591255
1.585307103 0.7610746682
1.631889744 0.7620053407
1.725055025 0.7638668222
1.778631491 0.7649373808
1.885784424 0.7670786529
1.947368803 0.7683094018
2.01961833 0.7697533664
2.089109599 0.7711422763
2.163782848 0.7726348298
2.24170115 0.7741923188
2.324302193 0.7758434859
2.411590437 0.7775884268
2.504154004 0.7794389044
2.60242398 0.7814035435
2.706995406 0.7834942467
2.818528213 0.7857242149
2.937818042 0.7881093629
3.065809349 0.7906685818
3.180434399 0.7929606084
3.32983592 0.7959481053
3.463695535 0.7986248915
3.596357151 0.8012777796
3.740214507 0.8041546099
3.893124408 0.8072125267
4.056046956 0.8104707316
4.23201315 0.8139898421
4.423004581 0.8178094901
4.631294652 0.8219751439
4.860065676 0.8265504498
5.113289079 0.8316148362
5.396075142 0.8372705083
5.715277703 0.8436545426
6.080298856 0.8509549802
6.504438454 0.859437817
7.007267883 0.8694944783
7.618999862 0.8817292147
8.389196149 0.8971332529
9.405937528 0.9174681903
10.53167469 0.93998299
11.71972652 0.9637440077
12.91972652 0.9877439072
14.11972652 1.011743728
15.31972652 1.035743475
16.51972652 1.059743151
17.71972652 1.08374276
18.91972652 1.107742306
20.11972652 1.13174179
21.31972652 1.155741217
22.51972652 1.179740588
23.71972652 1.203739906
24.91972652 1.227739174
26.11972652 1.251738393
27.31972652 1.275737565
28.51972652 1.299736691
29.71972652 1.323735775
30.91972652 1.347734816
32.11972652 1.371733815
33.31972652 1.395732775
34.51972652 1.419731695
35.71972652 1.443730577
36.91416298 1.467618156
38.03584497 1.490050681
39.07743708 1.510881459
40.04998983 1.530331495
40.95950701 1.548520864
41.81365018 1.565602791
42.62090805 1.581747047
43.38820162 1.597092045
44.121232 1.611751804
44.82484824 1.6258233
45.50306353 1.639386794
46.15919547 1.652508636
46.79602739 1.665244488
47.41591054 1.677641375
48.0208455 1.689739306
48.61255147 1.701572663
49.19251922 1.713171261
49.76205171 1.724561157
50.32229666 1.735765304
50.66114833 1.742541878
51 1.749318448
51.00763457 1.749166826
51.02272503 1.748865959
51.05290596 1.748264162
51.07725541 1.747778625
51.1259543 1.74680749
51.22335208 1.744864964
51.26302895 1.744073536
51.34238267 1.742490506
51.38417179 1.741656758
51.46775001 1.739989074
51.51228761 1.739100286
51.60136281 1.737322506
51.64902433 1.736371158
51.74434737 1.734468244
51.79559357 1.73344511
51.89808596 1.731398614
51.95347568 1.730292509
52.06425512 1.728080063
52.12054513 1.726955744
52.23312517 1.724706893
52.28791428 1.723612351
52.3974925 1.721423093
52.45591481 1.720255786
52.57275945 1.717921002
52.64093094 1.716558704
52.72444845 1.71488965
52.80960164 1.713187813
52.90198671 1.711341342
52.99818925 1.709418471
53.09967642 1.70738987
53.20638301 1.705256837
53.31908244 1.703003906
53.43837823 1.700619007
53.56511989 1.69808515
53.67928231 1.695802699
53.81785469 1.693032128
53.94245671 1.6905408
54.05866492 1.688217243
54.19475859 1.685496019
54.31701525 1.683051418
54.43512357 1.680689726
54.58245134 1.677743714
54.71451087 1.67510297
54.84383417 1.672516909
54.98029798 1.669788031
55.12198169 1.66695474
55.26962512 1.664002244
55.42541844 1.660886745
55.59060908 1.657583297
55.76655433 1.654064756
55.95510533 1.650294103
56.1584369 1.646227844
56.37918954 1.641813174
56.6207074 1.636983215
56.88728198 1.631652141
57.18453167 1.625707594
57.5200052 1.618998608
57.90414108 1.611316425
58.35187574 1.602362337
58.88549564 1.59169064
59.54004086 1.578600574
60.28902548 1.56362182
61.09746504 1.547454021
61.96497819 1.530104802
62.89493259 1.511506811
63.89008218 1.491604969
64.9588018 1.470231785
66.1137566 1.447133962
67.3137566 1.423135249
68.5137566 1.3991365
69.7137566 1.375137714
70.9137566 1.35113889
72.1137566 1.327140027
73.3137566 1.303141125
74.5137566 1.279142182
75.7137566 1.255143198
76.9137566 1.23114417
78.1137566 1.207145098
79.3137566 1.18314598
80.5137566 1.159146814
81.7137566 1.135147598
82.9137566 1.11114833
84.1137566 1.087149008
85.3137566 1.06314963
86.5137566 1.039150192
87.7137566 1.015150693
88.9137566 0.9911511289
90.1137566 0.9671514971
91.3137566 0.9431517942
92.5137566 0.9191520167
93.7137566 0.8951521609
94.9137566 0.8711522228
96.1137566 0.8471521982
97.3137566 0.8231520823
98.5129662 0.7991676786
99.69384376 0.7755498198
100.3469224 0.762488033
101.000001 0.7494262133
101.0039532 0.7494257655
101.0118577 0.7494254446
101.0276667 0.7494248473
101.0467799 0.7494241309
101.0850062 0.7494227351
101.1614588 0.7494200896
101.1816204 0.749419424
101.2219437 0.7494181308
101.3025903 0.7494156886
101.3300725 0.7494148993
101.3850369 0.7494133823
101.4949658 0.7494105772
101.536582 0.7494095922
101.6198145 0.749407738
101.6731894 0.7494066264
101.7799394 0.7494045689
101.8537948 0.7494032669
101.9391728 0.7494018754
102.0226084 0.7494006244
102.1112726 0.7493994033
102.2031348 0.7493982463
102.2996604 0.7493971387
102.4008825 0.7493960856
102.5074768 0.7493950851
102.6199619 0.7493941379
102.7390523 0.7493932441
102.8655502 0.7493924035
102.9794971 0.7493917322
103.1247238 0.7493909796
103.2553118 0.7493903899
103.3843615 0.7493898783
103.5231461 0.7493893969
103.6696533 0.749388956
103.8246774 0.7493885545
103.990845 0.7493881878
104.1697823 0.7493878551
104.3633151 0.7493875563
104.5739915 0.7493872902
104.8049262 0.7493870561
105.0600413 0.7493868531
105.3444817 0.7493866801
105.6651184 0.7493865359
106.0313634 0.749386419
106.45654 0.7493863277
106.9602517 0.7493862599
107.5727544 0.7493862131
108.3436752 0.7493861841
109.3612012 0.7493861695
110.5612012 0.7493861655
111.7612012 0.749386166
112.9612012 0.7493861671
114.1612012 0.7493861678
115.3612012 0.7493861681
116.5612012 0.7493861682
117.7612012 0.7493861683
118.9612012 0.7493861683
120 0.7493861683
