# x y  (written by maestro2tex)
-2.3 15.80054934
-2.290423317 13.60325561
-2.280846634 11.406055
-2.271269951 9.209006612
-2.261693269 7.012244236
-2.252116586 4.816156207
-2.242539903 2.622525346
-2.23296322 0.4787693866
-2.223386537 0.2099227271
-2.213809854 0.1742307423
-2.204233171 0.14403245
-2.194656489 0.09183985705
-2.185079806 0.04997882099
-2.175503123 0.01675108593
-2.16592644 -0.01072810652
-2.156349757 -0.03391081172
-2.146773074 -0.05369497621
-2.137196391 -0.07070454348
-2.127619709 -0.0854009787
-2.118043026 -0.09813993458
-2.108466343 -0.1092069674
-2.09888966 -0.1188406637
-2.089312977 -0.1272457023
-2.079736294 -0.1345991454
-2.070159611 -0.1410534942
-2.060582929 -0.1467388273
-2.051006246 -0.1517650105
-2.041429563 -0.1562241632
-2.03185288 -0.1601932337
-2.022276197 -0.1637364836
-2.012699514 -0.1669077347
-2.003122831 -0.169752312
-1.993546149 -0.1723086756
-1.983969466 -0.1746097634
-1.974392783 -0.176684082
-1.9648161 -0.1785565848
-1.955239417 -0.1802493688
-1.945662734 -0.1817822163
-1.936086051 -0.1831730043
-1.926509368 -0.1844379976
-1.916932686 -0.1855920445
-1.907356003 -0.1866486944
-1.89777932 -0.1876202614
-1.888202637 -0.1885178557
-1.878625954 -0.1893514075
-1.869049271 -0.190129698
-1.859472588 -0.190860409
-1.849895906 -0.1915501928
-1.840319223 -0.1922047588
-1.83074254 -0.1928289725
-1.821165857 -0.193426957
-1.811589174 -0.1940021937
-1.802012491 -0.1945576164
-1.792435808 -0.1950956955
-1.782859126 -0.1956185131
-1.773282443 -0.196127827
-1.76370576 -0.1966251249
-1.754129077 -0.1971116697
-1.744552394 -0.1975885381
-1.734975711 -0.198056651
-1.725399028 -0.1985168
-1.715822346 -0.1989696684
-1.706245663 -0.1994158487
-1.69666898 -0.1998558569
-1.687092297 -0.2002901449
-1.677515614 -0.2007191095
-1.667938931 -0.2011431014
-1.658362248 -0.2015624314
-1.648785566 -0.2019773766
-1.639208883 -0.2023881845
-1.6296322 -0.2027950776
-1.620055517 -0.2031982564
-1.610478834 -0.2035979022
-1.600902151 -0.2039941799
-1.591325468 -0.2043872397
-1.581748786 -0.2047772189
-1.572172103 -0.2051642435
-1.56259542 -0.2055484297
-1.553018737 -0.2059298846
-1.543442054 -0.2063087074
-1.533865371 -0.2066849902
-1.524288688 -0.2070588188
-1.514712006 -0.2074302734
-1.505135323 -0.2077994289
-1.49555864 -0.2081663557
-1.485981957 -0.20853112
-1.476405274 -0.2088937841
-1.466828591 -0.2092544069
-1.457251908 -0.2096130441
-1.447675226 -0.2099697486
-1.438098543 -0.2103245705
-1.42852186 -0.2106775576
-1.418945177 -0.2110287555
-1.409368494 -0.2113782076
-1.399791811 -0.2117259554
-1.390215128 -0.2120720387
-1.380638446 -0.2124164957
-1.371061763 -0.212759363
-1.36148508 -0.2131006757
-1.351908397 -0.2134404678
-1.342331714 -0.2137787719
-1.332755031 -0.2141156195
-1.323178348 -0.2144510409
-1.313601666 -0.2147850656
-1.304024983 -0.2151177218
-1.2944483 -0.2154490372
-1.284871617 -0.2157790384
-1.275294934 -0.2161077511
-1.265718251 -0.2164352005
-1.256141568 -0.2167614109
-1.246564885 -0.217086406
-1.236988203 -0.2174102086
-1.22741152 -0.2177328413
-1.217834837 -0.2180543257
-1.208258154 -0.2183746831
-1.198681471 -0.2186939341
-1.189104788 -0.2190120988
-1.179528105 -0.219329197
-1.169951423 -0.2196452476
-1.16037474 -0.2199602695
-1.150798057 -0.2202742809
-1.141221374 -0.2205872996
-1.131644691 -0.220899343
-1.122068008 -0.2212104282
-1.112491325 -0.2215205719
-1.102914643 -0.2218297902
-1.09333796 -0.2221380991
-1.083761277 -0.2224455142
-1.074184594 -0.2227520508
-1.064607911 -0.2230577238
-1.055031228 -0.2233625478
-1.045454545 -0.223666537
-1.035877863 -0.2239697057
-1.02630118 -0.2242720673
-1.016724497 -0.2245736356
-1.007147814 -0.2248744235
-0.9975711312 -0.2251744441
-0.9879944483 -0.2254737101
-0.9784177654 -0.2257722338
-0.9688410826 -0.2260700274
-0.9592643997 -0.226367103
-0.9496877169 -0.2266634721
-0.940111034 -0.2269591465
-0.9305343511 -0.2272541372
-0.9209576683 -0.2275484554
-0.9113809854 -0.2278421119
-0.9018043026 -0.2281351174
-0.8922276197 -0.2284274824
-0.8826509368 -0.2287192171
-0.873074254 -0.2290103317
-0.8634975711 -0.2293008359
-0.8539208883 -0.2295907396
-0.8443442054 -0.2298800522
-0.8347675226 -0.2301687831
-0.8251908397 -0.2304569416
-0.8156141568 -0.2307445366
-0.806037474 -0.231031577
-0.7964607911 -0.2313180716
-0.7868841083 -0.2316040288
-0.7773074254 -0.2318894571
-0.7677307425 -0.2321743647
-0.7581540597 -0.2324587598
-0.7485773768 -0.2327426503
-0.739000694 -0.2330260441
-0.7294240111 -0.2333089488
-0.7198473282 -0.2335913719
-0.7102706454 -0.233873321
-0.7006939625 -0.2341548032
-0.6911172797 -0.2344358259
-0.6815405968 -0.2347163959
-0.6719639139 -0.2349965203
-0.6623872311 -0.2352762058
-0.6528105482 -0.2355554592
-0.6432338654 -0.2358342869
-0.6336571825 -0.2361126955
-0.6240804997 -0.2363906913
-0.6145038168 -0.2366682806
-0.6049271339 -0.2369454695
-0.5953504511 -0.237222264
-0.5857737682 -0.2374986701
-0.5761970854 -0.2377746936
-0.5666204025 -0.2380503402
-0.5570437196 -0.2383256155
-0.5474670368 -0.2386005252
-0.5378903539 -0.2388750747
-0.5283136711 -0.2391492693
-0.5187369882 -0.2394231144
-0.5091603053 -0.239696615
-0.4995836225 -0.2399697764
-0.4900069396 -0.2402426035
-0.4804302568 -0.2405151013
-0.4708535739 -0.2407872746
-0.461276891 -0.2410591283
-0.4517002082 -0.241330667
-0.4421235253 -0.2416018954
-0.4325468425 -0.2418728179
-0.4229701596 -0.2421434392
-0.4133934768 -0.2424137636
-0.4038167939 -0.2426837955
-0.394240111 -0.2429535391
-0.3846634282 -0.2432229987
-0.3750867453 -0.2434921784
-0.3655100625 -0.2437610823
-0.3559333796 -0.2440297144
-0.3463566967 -0.2442980786
-0.3367800139 -0.2445661789
-0.327203331 -0.2448340192
-0.3176266482 -0.2451016031
-0.3080499653 -0.2453689345
-0.2984732824 -0.2456360169
-0.2888965996 -0.2459028541
-0.2793199167 -0.2461694495
-0.2697432339 -0.2464358068
-0.260166551 -0.2467019293
-0.2505898681 -0.2469678205
-0.2410131853 -0.2472334838
-0.2314365024 -0.2474989224
-0.2218598196 -0.2477641398
-0.2122831367 -0.248029139
-0.2027064539 -0.2482939232
-0.193129771 -0.2485584958
-0.1835530881 -0.2488228596
-0.1739764053 -0.2490870178
-0.1643997224 -0.2493509735
-0.1548230396 -0.2496147296
-0.1452463567 -0.2498782891
-0.1356696738 -0.2501416548
-0.126092991 -0.2504048297
-0.1165163081 -0.2506678166
-0.1069396253 -0.2509306183
-0.0973629424 -0.2511932376
-0.08778625954 -0.2514556772
-0.07820957668 -0.2517179399
-0.06863289382 -0.2519800283
-0.05905621096 -0.2522419451
-0.04947952811 -0.252503693
-0.03990284525 -0.2527652744
-0.03032616239 -0.2530266921
-0.02074947953 -0.2532879485
-0.01117279667 -0.2535490461
-0.00159611381 -0.2538099876
0.007980569049 -0.2540707753
0.01755725191 -0.2543314117
0.02713393477 -0.2545918992
0.03671061763 -0.2548522403
0.04628730049 -0.2551124373
0.05586398334 -0.2553724927
0.0654406662 -0.2556324087
0.07501734906 -0.2558921877
0.08459403192 -0.2561518321
0.09417071478 -0.2564113441
0.1037473976 -0.2566707261
0.1133240805 -0.2569299802
0.1229007634 -0.2571891089
0.1324774462 -0.2574481143
0.1420541291 -0.2577069986
0.1516308119 -0.2579657641
0.1612074948 -0.2582244131
0.1707841777 -0.2584829476
0.1803608605 -0.25874137
0.1899375434 -0.2589996824
0.1995142262 -0.259257887
0.2090909091 -0.259515986
0.218667592 -0.2597739815
0.2282442748 -0.2600318758
0.2378209577 -0.2602896709
0.2473976405 -0.260547369
0.2569743234 -0.2608049723
0.2665510062 -0.261062483
0.2761276891 -0.2613199032
0.285704372 -0.261577235
0.2952810548 -0.2618344806
0.3048577377 -0.2620916422
0.3144344205 -0.2623487219
0.3240111034 -0.2626057219
0.3335877863 -0.2628626442
0.3431644691 -0.2631194912
0.352741152 -0.263376265
0.3623178348 -0.2636329677
0.3718945177 -0.2638896015
0.3814712006 -0.2641461687
0.3910478834 -0.2644026713
0.4006245663 -0.2646591117
0.4102012491 -0.264915492
0.419777932 -0.2651718145
0.4293546149 -0.2654280814
0.4389312977 -0.265684295
0.4485079806 -0.2659404575
0.4580846634 -0.2661965712
0.4676613463 -0.2664526384
0.4772380291 -0.2667086614
0.486814712 -0.2669646426
0.4963913949 -0.2672205842
0.5059680777 -0.2674764887
0.5155447606 -0.2677323584
0.5251214434 -0.2679881958
0.5346981263 -0.2682440032
0.5442748092 -0.2684997831
0.553851492 -0.268755538
0.5634281749 -0.2690112704
0.5730048577 -0.2692669828
0.5825815406 -0.2695226778
0.5921582235 -0.2697783579
0.6017349063 -0.2700340257
0.6113115892 -0.2702896839
0.620888272 -0.2705453351
0.6304649549 -0.270800982
0.6400416378 -0.2710566275
0.6496183206 -0.2713122741
0.6591950035 -0.2715679249
0.6687716863 -0.2718235825
0.6783483692 -0.2720792498
0.687925052 -0.2723349299
0.6975017349 -0.2725906257
0.7070784178 -0.2728463401
0.7166551006 -0.2731020762
0.7262317835 -0.2733578371
0.7358084663 -0.273613626
0.7453851492 -0.273869446
0.7549618321 -0.2741253004
0.7645385149 -0.2743811925
0.7741151978 -0.2746371257
0.7836918806 -0.2748931033
0.7932685635 -0.2751491289
0.8028452464 -0.2754052059
0.8124219292 -0.2756613379
0.8219986121 -0.2759175286
0.8315752949 -0.2761737818
0.8411519778 -0.2764301011
0.8507286607 -0.2766864905
0.8603053435 -0.2769429539
0.8698820264 -0.2771994952
0.8794587092 -0.2774561187
0.8890353921 -0.2777128284
0.8986120749 -0.2779696285
0.9081887578 -0.2782265235
0.9177654407 -0.2784835178
0.9273421235 -0.2787406158
0.9369188064 -0.2789978222
0.9464954892 -0.2792551417
0.9560721721 -0.279512579
0.965648855 -0.2797701392
0.9752255378 -0.2800278272
0.9848022207 -0.2802856482
0.9943789035 -0.2805436074
1.003955586 -0.2808017102
1.013532269 -0.2810599621
1.023108952 -0.2813183688
1.032685635 -0.2815769359
1.042262318 -0.2818356694
1.051839001 -0.2820945754
1.061415684 -0.2823536601
1.070992366 -0.2826129297
1.080569049 -0.2828723909
1.090145732 -0.2831320503
1.099722415 -0.2833919148
1.109299098 -0.2836519914
1.118875781 -0.2839122874
1.128452464 -0.2841728102
1.138029146 -0.2844335674
1.147605829 -0.2846945669
1.157182512 -0.2849558167
1.166759195 -0.2852173253
1.176335878 -0.285479101
1.185912561 -0.2857411527
1.195489244 -0.2860034896
1.205065926 -0.2862661209
1.214642609 -0.2865290562
1.224219292 -0.2867923056
1.233795975 -0.2870558793
1.243372658 -0.2873197878
1.252949341 -0.2875840422
1.262526024 -0.2878486537
1.272102706 -0.288113634
1.281679389 -0.2883789953
1.291256072 -0.2886447501
1.300832755 -0.2889109114
1.310409438 -0.2891774927
1.319986121 -0.289444508
1.329562804 -0.2897119718
1.339139486 -0.2899798991
1.348716169 -0.2902483058
1.358292852 -0.2905172082
1.367869535 -0.2907866233
1.377446218 -0.2910565689
1.387022901 -0.2913270635
1.396599584 -0.2915981265
1.406176266 -0.2918697783
1.415752949 -0.2921420402
1.425329632 -0.2924149344
1.434906315 -0.2926884843
1.444482998 -0.2929627148
1.454059681 -0.2932376517
1.463636364 -0.2935133226
1.473213046 -0.2937897563
1.482789729 -0.2940669838
1.492366412 -0.2943450375
1.501943095 -0.2946239523
1.511519778 -0.2949037652
1.521096461 -0.2951845156
1.530673144 -0.2954662462
1.540249827 -0.2957490023
1.549826509 -0.2960328333
1.559403192 -0.2963177921
1.568979875 -0.2966039366
1.578556558 -0.2968913294
1.588133241 -0.2971800393
1.597709924 -0.2974701415
1.607286607 -0.2977617192
1.616863289 -0.2980548642
1.626439972 -0.2983496788
1.636016655 -0.2986462774
1.645593338 -0.2989447883
1.655170021 -0.2992453565
1.664746704 -0.2995481468
1.674323387 -0.2998533469
1.683900069 -0.3001611726
1.693476752 -0.3004718727
1.703053435 -0.3007857359
1.712630118 -0.3011030988
1.722206801 -0.3014243561
1.731783484 -0.301749972
1.741360167 -0.3020804955
1.750936849 -0.3024165776
1.760513532 -0.302758992
1.770090215 -0.3031086599
1.779666898 -0.3034666782
1.789243581 -0.3038343511
1.798820264 -0.3042132248
1.808396947 -0.3046051227
1.817973629 -0.3050121803
1.827550312 -0.3054368749
1.837126995 -0.3058820469
1.846703678 -0.3063509085
1.856280361 -0.3068470362
1.865857044 -0.3073743454
1.875433727 -0.3079370488
1.885010409 -0.3085396014
1.894587092 -0.309186641
1.904163775 -0.3098829286
1.913740458 -0.3106332995
1.923317141 -0.311442627
1.932893824 -0.312315804
1.942470507 -0.3132577403
1.952047189 -0.314273374
1.961623872 -0.3153676953
1.971200555 -0.3165457773
1.980777238 -0.3178128121
1.990353921 -0.3191741499
1.999930604 -0.3206353403
2.009507287 -0.3222021771
2.019083969 -0.32388075
2.028660652 -0.3256775166
2.038237335 -0.3275994168
2.047814018 -0.3296540783
2.057390701 -0.3318502106
2.066967384 -0.3341983647
2.076544067 -0.3367123724
2.086120749 -0.3394119391
2.095697432 -0.3423269423
2.105274115 -0.3455037005
2.114850798 -0.3490125627
2.124427481 -0.3529551118
2.134004164 -0.3574694235
2.143580847 -0.3627339792
2.153157529 -0.3689753603
2.162734212 -0.376491504
2.172310895 -0.3857086039
2.181887578 -0.3973104147
2.191464261 -0.4125702086
2.201040944 -0.4341724727
2.210617627 -0.4654412982
2.22019431 -0.5111206282
2.229770992 -0.6100077503
2.239347675 -2.00553709
2.248924358 -4.198496037
2.258501041 -6.394256723
2.268077724 -8.590802507
2.277654407 -10.78772492
2.28723109 -12.98486526
2.296807772 -15.18214669
2.3 -15.9145973
