# x y  (written by maestro2tex)
0 -0.01770446579
0.05 -0.01770446579
0.15 -0.01770446579
0.35 -0.01770446579
0.675 -0.01770446579
1 -0.01770446579
1.000015625 -0.2162569655
1.000046875 -1.309319089
1.000062677 -2.274135958
1.000078518 -3.528312825
1.00009913 -5.561038098
1.000125653 -8.770841713
1.000150335 -12.28978899
1.000175382 -16.31811228
1.00020138 -20.92196664
1.000228341 -26.08784564
1.000234319 -27.28264752
1.000244476 -29.33965656
1.000247836 -30.02143648
1.000251372 -30.73570635
1.00025476 -31.41400621
1.000257733 -32.00071919
1.000260404 -32.51671634
1.000262739 -32.95458571
1.000264805 -33.3275502
1.000266677 -33.64957099
1.000268397 -33.92864981
1.000270008 -34.17162934
1.000271546 -34.38433247
1.000273052 -34.57178666
1.000274575 -34.73890173
1.00027624 -34.89828849
1.000276592 -34.92964605
1.00027711 -34.97645141
1.000277653 -35.02708044
1.000278327 -35.09113957
1.000278967 -35.15039747
1.000279655 -35.2093895
1.000280519 -35.27248096
1.000281626 -35.33309697
1.00028313 -35.38314252
1.000284325 -35.40257865
1.000285256 -35.40969554
1.000286714 -35.41477866
1.000287943 -35.4166347
1.000289148 -35.41788135
1.00029069 -35.4195277
1.000292893 -35.42231883
1.000295279 -35.42581493
1.000297973 -35.42996323
1.000301212 -35.43456596
1.000305309 -35.43905593
1.000310624 -35.44253868
1.000316196 -35.44409204
1.000322414 -35.44445282
1.000329905 -35.44413072
1.000339623 -35.44339793
1.000352685 -35.44236363
1.000368734 -35.44113002
1.000392207 -35.43934964
1.000429781 -35.43648431
1.00047074 -35.43333044
1.000512798 -35.4300687
1.000558897 -35.42647635
1.000611419 -35.42236813
1.000674024 -35.41745606
1.000752841 -35.41125744
1.000854161 -35.40327594
1.00092708 -35.39752644
1.001 -35.39177499
1.001009115 -35.39138081
1.001022776 -35.39109904
1.001037464 -35.39103067
1.001054265 -35.39103648
1.001069786 -35.39105102
1.001090698 -35.39106034
1.001132107 -35.39106386
1.001191367 -35.39106408
1.001286025 -35.39106475
1.001473349 -35.39106635
1.001808884 -35.39106926
1.002455254 -35.39107505
1.003747995 -35.39108666
1.006333477 -35.39110986
1.01150444 -35.39115626
1.021846367 -35.39124904
1.042530221 -35.3914345
1.08389793 -35.3918051
1.166633347 -35.39254496
1.33210418 -35.39401936
1.663045847 -35.396947
2.163045847 -35.40131716
2.663045847 -35.40562401
3.163045847 -35.40986799
3.663045847 -35.41404924
4.163045847 -35.41816743
4.663045847 -35.42222144
5.163045847 -35.42620888
5.588285265 -35.42954456
5.937540437 -35.43224299
6.231888953 -35.4344858
6.484163446 -35.43638312
6.704737719 -35.43802153
6.902243532 -35.43947098
7.082569455 -35.44077861
7.249082313 -35.44197166
7.404459137 -35.44307144
7.550997601 -35.44409581
7.690430381 -35.44505804
7.824113614 -35.44596827
7.953172703 -35.44683467
8.078551489 -35.4476638
8.201064333 -35.44846101
8.321444549 -35.44923073
8.440379258 -35.44997669
8.558540979 -35.450702
8.676621455 -35.45140927
8.795371437 -35.4521005
8.915654853 -35.45277706
9.038531626 -35.45343921
9.165407207 -35.45408529
9.298330048 -35.45470945
9.440703905 -35.45529486
9.595076722 -35.45577615
9.764619943 -35.45593261
9.871283806 -35.45553959
9.973458175 -35.45400735
9.991978695 -35.45341548
10.02901974 -35.45142525
10.03965746 -35.45043431
10.05919666 -35.44684515
10.06354149 -35.44500462
10.06518126 -35.44398469
10.0684608 -35.44070741
10.07255041 -35.42937519
10.07549726 -35.40538707
10.07872691 -35.35305004
10.08109825 -35.30080991
10.08345907 -35.2427298
10.08679028 -35.15539529
10.09032257 -35.05970187
10.09352082 -34.97426008
10.09599711 -34.91329048
10.09774101 -34.87161395
10.09921803 -34.83528016
10.10059503 -34.80062047
10.10247208 -34.75249645
10.10597686 -34.660427
10.11151839 -34.51048011
10.1157004 -34.39475989
10.11954629 -34.28676414
10.12391898 -34.1623885
10.12903963 -34.01494412
10.13483345 -33.84618233
10.1413001 -33.65584358
10.14859278 -33.43918935
10.15688891 -33.19077563
10.16637219 -32.90504836
10.17722716 -32.57663199
10.18968268 -32.19917008
10.2040034 -31.76576922
10.22049881 -31.26896425
10.23957512 -30.6994728
10.26177286 -30.04560806
10.28768837 -29.29638266
10.3178916 -28.44446108
10.3537763 -27.46324341
10.39967972 -26.25677257
10.46432662 -24.64693165
10.51964003 -23.34886127
10.57368614 -22.14759537
10.63087857 -20.94468685
10.68905703 -19.78918607
10.74827902 -18.67962381
10.8092567 -17.60342251
10.87200841 -16.56197725
10.93657494 -15.55614108
11.00312857 -14.58478991
11.07180509 -13.64764304
11.14273291 -12.74469281
11.21606519 -11.87576661
11.29196905 -11.04071016
11.37062532 -10.23940429
11.45223456 -9.471717712
11.53701964 -8.737510155
11.62448095 -8.04233496
11.71394513 -7.391194582
11.8055398 -6.782025961
11.89955166 -6.211986108
11.99624456 -5.678811383
12.09596113 -5.180199727
12.19909858 -4.714033731
12.3060826 -4.278518224
12.41738079 -3.872101613
12.53351376 -3.493430761
12.65506398 -3.141327033
12.78269034 -2.814753775
12.91714681 -2.512787638
13.05930516 -2.234596038
13.21018402 -1.979417356
13.37098668 -1.746543233
13.54315074 -1.535302651
13.72841458 -1.345046949
13.92890787 -1.17513514
14.1472775 -1.024918859
14.38686636 -0.8937262764
14.65197361 -0.7808441382
14.94824438 -0.6854969936
15.28327217 -0.60682243
15.66756565 -0.543840933
16.11617082 -0.4954188518
16.61617082 -0.4621542564
17.11617082 -0.4426386334
17.61617082 -0.4314254429
18.11617082 -0.4250834006
18.61617082 -0.421540322
19.11617082 -0.4195803564
19.61617082 -0.4185048449
20.11617082 -0.4179186078
20.61617082 -0.4176008598
21.11617082 -0.4174294614
21.61617082 -0.4173373874
22.11617082 -0.4172881028
22.61617082 -0.4172618044
23.11617082 -0.4172478101
23.61617082 -0.4172403813
24.11617082 -0.4172364463
24.61617082 -0.4172343659
25.11617082 -0.4172332679
25.61617082 -0.4172326893
26.11617082 -0.4172323849
26.61617082 -0.4172322249
27.11617082 -0.4172321409
27.61617082 -0.4172320968
28.11617082 -0.4172320737
28.61617082 -0.4172320617
29.11617082 -0.4172320553
29.61617082 -0.417232052
30.11617082 -0.4172320503
30.61617082 -0.4172320494
31.11617082 -0.4172320489
31.61617082 -0.4172320487
32.11617082 -0.4172320486
32.61617082 -0.4172320485
33.11617082 -0.4172320485
33.61617082 -0.4172320485
34.11617082 -0.4172320484
34.61617082 -0.4172320484
35.11617082 -0.4172320484
35.61617082 -0.4172320484
36.11617082 -0.4172320484
36.61617082 -0.4172320484
37.11617082 -0.4172320484
37.61617082 -0.4172320484
38.11617082 -0.4172320484
38.61617082 -0.4172320484
39.11617082 -0.4172320484
39.61617082 -0.4172320484
40.11617082 -0.4172320484
40.61617082 -0.4172320484
41.11617082 -0.4172320484
41.61617082 -0.4172320484
42.11617082 -0.4172320484
42.61617082 -0.4172320484
43.11617082 -0.4172320484
43.61617082 -0.4172320484
44.11617082 -0.4172320484
44.61617082 -0.4172320484
45.11617082 -0.4172320484
45.61617082 -0.4172320484
46.11617082 -0.4172320484
46.61617082 -0.4172320484
47.11617082 -0.4172320484
47.61617082 -0.4172320484
48.11617082 -0.4172320484
48.61617082 -0.4172320484
49.001 -0.4172320484
49.00101563 -0.2182794353
49.00104688 0.873052618
49.00106297 1.854840594
49.00107924 3.14583222
49.00109932 5.124252276
49.00112682 8.444487181
49.00115337 12.23952964
49.00118111 16.73609638
49.00121092 22.08628455
49.00121894 23.60923712
49.00123497 26.7410053
49.00123979 27.69879694
49.0012479 29.30121342
49.00125498 30.67231962
49.00126022 31.64405972
49.00126464 32.41585461
49.00126835 33.01568036
49.00127155 33.48303891
49.00127444 33.8597016
49.00127718 34.17110437
49.00127993 34.44020452
49.00128084 34.52373451
49.00128119 34.55501375
49.00128187 34.62151134
49.00128271 34.71186097
49.00128348 34.79712498
49.00128427 34.88208507
49.00128533 34.98430913
49.00128662 35.08208075
49.00128801 35.15675123
49.00128945 35.20775827
49.00129058 35.23382551
49.00129173 35.25017751
49.00129258 35.25732809
49.00129369 35.26281055
49.00129473 35.26589299
49.00129562 35.26791898
49.00129657 35.27001122
49.00129765 35.27255755
49.00129891 35.27589605
49.00130038 35.28022832
49.00130208 35.28559152
49.00130428 35.29248598
49.0013064 35.29848626
49.0013086 35.30367462
49.00131061 35.3073607
49.0013126 35.31004619
49.00131468 35.31202114
49.00131696 35.31341314
49.00131951 35.31431074
49.00132244 35.31477638
49.00132587 35.31486778
49.00132998 35.31464105
49.00133504 35.31414342
49.00134154 35.3133985
49.00135044 35.31237193
49.0013643 35.31085065
49.00138479 35.30868465
49.0014139 35.30561345
49.00144655 35.30210742
49.00148308 35.29810487
49.00152272 35.29368642
49.00156537 35.28886949
49.00161304 35.28343406
49.00166808 35.27711295
49.00173365 35.26954642
49.00181438 35.26020094
49.00191777 35.24821064
49.002 35.23866671
49.00201028 35.2380271
49.00202589 35.23758467
49.00204187 35.23749368
49.00206001 35.23750167
49.00207675 35.23751649
49.00210025 35.23752438
49.00214727 35.23752751
49.002213 35.23752826
49.00233074 35.23752906
49.00256085 35.23753132
49.00289028 35.2375355
49.00341568 35.23754257
49.00443558 35.23755619
49.00647539 35.2375833
49.01055501 35.23763749
49.01871425 35.23774586
49.03503273 35.23796253
49.06766968 35.23839556
49.13294358 35.2392604
49.26349138 35.2409852
49.52458698 35.2444153
50 35.25059473
