# x y  (written by maestro2tex)
-40 1.250725118
-39.8 1.250722821
-39.6 1.250720251
-39.4 1.250717674
-39.2 1.250715087
-39 1.250712492
-38.8 1.250709888
-38.6 1.250707275
-38.4 1.250704654
-38.2 1.250702024
-38 1.250699384
-37.8 1.250696736
-37.6 1.250694078
-37.4 1.250691412
-37.2 1.250688736
-37 1.25068605
-36.8 1.250683356
-36.6 1.250680652
-36.4 1.250677938
-36.2 1.250675215
-36 1.250672482
-35.8 1.250669739
-35.6 1.250666986
-35.4 1.250664224
-35.2 1.250661451
-35 1.250658668
-34.8 1.250655875
-34.6 1.250653072
-34.4 1.250650259
-34.2 1.250647435
-34 1.250644601
-33.8 1.250641756
-33.6 1.2506389
-33.4 1.250636034
-33.2 1.250633156
-33 1.250630268
-32.8 1.250627369
-32.6 1.250624458
-32.4 1.250621537
-32.2 1.250618604
-32 1.250615659
-31.8 1.250612703
-31.6 1.250609736
-31.4 1.250606756
-31.2 1.250603765
-31 1.250600762
-30.8 1.250597747
-30.6 1.25059472
-30.4 1.25059168
-30.2 1.250588628
-30 1.250585564
-29.8 1.250582487
-29.6 1.250579398
-29.4 1.250576295
-29.2 1.25057318
-29 1.250570051
-28.8 1.25056691
-28.6 1.250563755
-28.4 1.250560586
-28.2 1.250557405
-28 1.250554209
-27.8 1.250551
-27.6 1.250547776
-27.4 1.250544539
-27.2 1.250541288
-27 1.250538022
-26.8 1.250534741
-26.6 1.250531446
-26.4 1.250528137
-26.2 1.250524812
-26 1.250521472
-25.8 1.250518117
-25.6 1.250514747
-25.4 1.250511361
-25.2 1.25050796
-25 1.250504543
-24.8 1.250501109
-24.6 1.25049766
-24.4 1.250494194
-24.2 1.250490712
-24 1.250487213
-23.8 1.250483697
-23.6 1.250480165
-23.4 1.250476615
-23.2 1.250473048
-23 1.250469463
-22.8 1.25046586
-22.6 1.25046224
-22.4 1.250458601
-22.2 1.250454944
-22 1.250451268
-21.8 1.250447574
-21.6 1.250443861
-21.4 1.250440128
-21.2 1.250436376
-21 1.250432605
-20.8 1.250428814
-20.6 1.250425003
-20.4 1.250421171
-20.2 1.250417319
-20 1.250413446
-19.8 1.250409552
-19.6 1.250405637
-19.4 1.250401701
-19.2 1.250397742
-19 1.250393762
-18.8 1.250389759
-18.6 1.250385734
-18.4 1.250381686
-18.2 1.250377615
-18 1.25037352
-17.8 1.250369402
-17.6 1.25036526
-17.4 1.250361093
-17.2 1.250356902
-17 1.250352686
-16.8 1.250348445
-16.6 1.250344178
-16.4 1.250339885
-16.2 1.250335566
-16 1.25033122
-15.8 1.250326848
-15.6 1.250322448
-15.4 1.25031802
-15.2 1.250313565
-15 1.250309081
-14.8 1.250304568
-14.6 1.250300026
-14.4 1.250295454
-14.2 1.250290852
-14 1.25028622
-13.8 1.250281557
-13.6 1.250276862
-13.4 1.250272136
-13.2 1.250267377
-13 1.250262586
-12.8 1.250257761
-12.6 1.250252903
-12.4 1.25024801
-12.2 1.250243083
-12 1.25023812
-11.8 1.250233122
-11.6 1.250228087
-11.4 1.250223015
-11.2 1.250217906
-11 1.250212758
-10.8 1.250207572
-10.6 1.250202346
-10.4 1.250197081
-10.2 1.250191774
-10 1.250186427
-9.8 1.250181037
-9.6 1.250175604
-9.4 1.250170128
-9.2 1.250164608
-9 1.250159043
-8.8 1.250153432
-8.6 1.250147775
-8.4 1.25014207
-8.2 1.250136317
-8 1.250130515
-7.8 1.250124662
-7.6 1.250118759
-7.4 1.250112804
-7.2 1.250106796
-7 1.250100735
-6.8 1.250094618
-6.6 1.250088446
-6.4 1.250082217
-6.2 1.250075929
-6 1.250069582
-5.8 1.250063175
-5.6 1.250056706
-5.4 1.250050174
-5.2 1.250043578
-5 1.250036917
-4.8 1.250030188
-4.6 1.250023391
-4.4 1.250016524
-4.2 1.250009586
-4 1.250002575
-3.8 1.24999549
-3.6 1.249988328
-3.4 1.249981088
-3.2 1.249973768
-3 1.249966367
-2.8 1.249958882
-2.6 1.249951312
-2.4 1.249943654
-2.2 1.249935907
-2 1.249928067
-1.8 1.249920133
-1.6 1.249912103
-1.4 1.249903974
-1.2 1.249895743
-1 1.249887408
-0.8 1.249878965
-0.6 1.249870413
-0.4 1.249861747
-0.2 1.249852966
0 1.249844065
0.2 1.249835042
0.4 1.249825892
0.6 1.249816612
0.8 1.249807198
1 1.249797647
1.2 1.249787953
1.4 1.249778112
1.6 1.249768121
1.8 1.249757973
2 1.249747664
2.2 1.249737189
2.4 1.249726542
2.6 1.249715717
2.8 1.249704708
3 1.249693508
3.2 1.24968211
3.4 1.249670508
3.6 1.249658693
3.8 1.249646658
4 1.249634393
4.2 1.249621891
4.4 1.249609141
4.6 1.249596132
4.8 1.249582855
5 1.249569298
5.2 1.249555448
5.4 1.249541293
5.6 1.249526818
5.8 1.249512008
6 1.249496848
6.2 1.24948132
6.4 1.249465405
6.6 1.249449085
6.8 1.249432336
7 1.249415137
7.2 1.249397462
7.4 1.249379283
7.6 1.249360572
7.8 1.249341295
8 1.249321417
8.2 1.2493009
8.4 1.249279701
8.6 1.249257773
8.8 1.249235064
9 1.249211516
9.2 1.249187064
9.4 1.249161638
9.6 1.249135156
9.8 1.249107527
10 1.249078648
10.2 1.249048399
10.4 1.249016647
10.6 1.248983235
10.8 1.24894798
11 1.24891067
11.2 1.248871052
11.4 1.248828824
11.6 1.248783623
11.8 1.248735003
12 1.248682411
12.2 1.24862515
12.4 1.248562323
12.6 1.248492749
12.8 1.24841483
13 1.248326331
13.2 1.24822399
13.4 1.248102776
13.6 1.24795434
13.8 1.247763291
14 1.247496191
14.2 1.247054891
14.4 1.245720629
14.6 0.8705177235
14.8 0.2356646671
15 -0.2576884712
15.2 -0.2916675216
15.4 -0.3064745563
15.6 -0.3161007148
15.8 -0.3232688215
16 -0.3289950437
16.2 -0.3337711183
16.4 -0.3378728945
16.6 -0.3414708102
16.8 -0.344677638
17 -0.3475719167
17.2 -0.3502105658
17.4 -0.3526361721
17.6 -0.3548814413
17.8 -0.3569720435
18 -0.3589285014
18.2 -0.3607674846
18.4 -0.3625027198
18.6 -0.3641456471
18.8 -0.3657059029
19 -0.3671916811
19.2 -0.3686100082
19.4 -0.3699669559
19.6 -0.3712678068
19.8 -0.3725171862
20 -0.3737191669
20.2 -0.3748773543
20.4 -0.3759949554
20.6 -0.3770748355
20.8 -0.3781195654
21 -0.3791314605
21.2 -0.3801126134
21.4 -0.3810649221
21.6 -0.3819901131
21.8 -0.3828897618
22 -0.3837653095
22.2 -0.3846180782
22.4 -0.3854492836
22.6 -0.3862600462
22.8 -0.3870514009
23 -0.3878243058
23.2 -0.3885796491
23.4 -0.3893182564
23.6 -0.3900408959
23.8 -0.3907482841
24 -0.3914410899
24.2 -0.3921199392
24.4 -0.3927854179
24.6 -0.3934380759
24.8 -0.3940784297
25 -0.3947069649
25.2 -0.3953241388
25.4 -0.3959303827
25.6 -0.3965261035
25.8 -0.3971116858
26 -0.3976874933
26.2 -0.3982538705
26.4 -0.3988111439
26.6 -0.3993596231
26.8 -0.3998996023
27 -0.4004313609
27.2 -0.4009551648
27.4 -0.4014712672
27.6 -0.4019799092
27.8 -0.4024813208
28 -0.4029757214
28.2 -0.4034633205
28.4 -0.4039443184
28.6 -0.4044189065
28.8 -0.404887268
29 -0.4053495784
29.2 -0.4058060058
29.4 -0.4062567111
29.6 -0.4067018491
29.8 -0.407141568
30 -0.4075760103
30.2 -0.4080053129
30.4 -0.4084296073
30.6 -0.4088490201
30.8 -0.4092636731
31 -0.4096736836
31.2 -0.4100791645
31.4 -0.4104802247
31.6 -0.4108769691
31.8 -0.4112694989
32 -0.411657912
32.2 -0.4120423024
32.4 -0.4124227614
32.6 -0.4127993769
32.8 -0.4131722339
33 -0.4135414148
33.2 -0.4139069991
33.4 -0.4142690636
33.6 -0.4146276831
33.8 -0.4149829295
34 -0.4153348729
34.2 -0.4156835808
34.4 -0.4160291191
34.6 -0.4163715512
34.8 -0.416710939
35 -0.4170473424
35.2 -0.4173808194
35.4 -0.4177114266
35.6 -0.4180392187
35.8 -0.4183642489
36 -0.4186865691
36.2 -0.4190062294
36.4 -0.4193232787
36.6 -0.4196377646
36.8 -0.4199497333
37 -0.4202592298
37.2 -0.4205662978
37.4 -0.42087098
37.6 -0.4211733178
37.8 -0.4214733517
38 -0.421771121
38.2 -0.422066664
38.4 -0.4223600181
38.6 -0.4226512198
38.8 -0.4229403045
39 -0.4232273069
39.2 -0.4235122608
39.4 -0.4237951992
39.6 -0.4240761541
39.8 -0.424355157
40 -0.4246322386
