# x y  (written by maestro2tex)
-40 1.250714463
-39.8 1.250712133
-39.6 1.250709567
-39.4 1.250706993
-39.2 1.250704409
-39 1.250701817
-38.8 1.250699216
-38.6 1.250696606
-38.4 1.250693988
-38.2 1.25069136
-38 1.250688723
-37.8 1.250686077
-37.6 1.250683422
-37.4 1.250680757
-37.2 1.250678083
-37 1.250675399
-36.8 1.250672706
-36.6 1.250670004
-36.4 1.250667291
-36.2 1.250664569
-36 1.250661837
-35.8 1.250659096
-35.6 1.250656344
-35.4 1.250653582
-35.2 1.25065081
-35 1.250648028
-34.8 1.250645235
-34.6 1.250642432
-34.4 1.250639618
-34.2 1.250636794
-34 1.25063396
-33.8 1.250631114
-33.6 1.250628258
-33.4 1.25062539
-33.2 1.250622512
-33 1.250619623
-32.8 1.250616722
-32.6 1.25061381
-32.4 1.250610886
-32.2 1.250607951
-32 1.250605005
-31.8 1.250602047
-31.6 1.250599077
-31.4 1.250596095
-31.2 1.2505931
-31 1.250590094
-30.8 1.250587076
-30.6 1.250584045
-30.4 1.250581002
-30.2 1.250577946
-30 1.250574878
-29.8 1.250571796
-29.6 1.250568702
-29.4 1.250565595
-29.2 1.250562474
-29 1.25055934
-28.8 1.250556193
-28.6 1.250553033
-28.4 1.250549858
-28.2 1.25054667
-28 1.250543468
-27.8 1.250540252
-27.6 1.250537021
-27.4 1.250533777
-27.2 1.250530518
-27 1.250527244
-26.8 1.250523955
-26.6 1.250520652
-26.4 1.250517333
-26.2 1.250514
-26 1.250510651
-25.8 1.250507286
-25.6 1.250503906
-25.4 1.25050051
-25.2 1.250497097
-25 1.250493669
-24.8 1.250490225
-24.6 1.250486764
-24.4 1.250483286
-24.2 1.250479791
-24 1.25047628
-23.8 1.250472751
-23.6 1.250469205
-23.4 1.250465641
-23.2 1.250462059
-23 1.25045846
-22.8 1.250454842
-22.6 1.250451206
-22.4 1.250447551
-22.2 1.250443878
-22 1.250440186
-21.8 1.250436474
-21.6 1.250432743
-21.4 1.250428993
-21.2 1.250425222
-21 1.250421432
-20.8 1.250417621
-20.6 1.250413789
-20.4 1.250409937
-20.2 1.250406064
-20 1.25040217
-19.8 1.250398253
-19.6 1.250394316
-19.4 1.250390356
-19.2 1.250386373
-19 1.250382368
-18.8 1.250378341
-18.6 1.25037429
-18.4 1.250370215
-18.2 1.250366117
-18 1.250361995
-17.8 1.250357848
-17.6 1.250353677
-17.4 1.25034948
-17.2 1.250345259
-17 1.250341011
-16.8 1.250336738
-16.6 1.250332438
-16.4 1.250328112
-16.2 1.250323758
-16 1.250319378
-15.8 1.250314969
-15.6 1.250310532
-15.4 1.250306067
-15.2 1.250301572
-15 1.250297049
-14.8 1.250292495
-14.6 1.250287912
-14.4 1.250283297
-14.2 1.250278652
-14 1.250273975
-13.8 1.250269266
-13.6 1.250264525
-13.4 1.25025975
-13.2 1.250254943
-13 1.250250101
-12.8 1.250245225
-12.6 1.250240314
-12.4 1.250235367
-12.2 1.250230384
-12 1.250225365
-11.8 1.250220308
-11.6 1.250215213
-11.4 1.250210081
-11.2 1.250204909
-11 1.250199697
-10.8 1.250194445
-10.6 1.250189152
-10.4 1.250183817
-10.2 1.25017844
-10 1.25017302
-9.8 1.250167556
-9.6 1.250162047
-9.4 1.250156493
-9.2 1.250150893
-9 1.250145245
-8.8 1.25013955
-8.6 1.250133806
-8.4 1.250128012
-8.2 1.250122168
-8 1.250116272
-7.8 1.250110324
-7.6 1.250104323
-7.4 1.250098266
-7.2 1.250092155
-7 1.250085986
-6.8 1.25007976
-6.6 1.250073475
-6.4 1.25006713
-6.2 1.250060724
-6 1.250054255
-5.8 1.250047722
-5.6 1.250041125
-5.4 1.25003446
-5.2 1.250027727
-5 1.250020925
-4.8 1.250014052
-4.6 1.250007107
-4.4 1.250000087
-4.2 1.249992991
-4 1.249985818
-3.8 1.249978565
-3.6 1.249971231
-3.4 1.249963813
-3.2 1.249956311
-3 1.249948721
-2.8 1.249941042
-2.6 1.249933271
-2.4 1.249925406
-2.2 1.249917445
-2 1.249909384
-1.8 1.249901223
-1.6 1.249892957
-1.4 1.249884584
-1.2 1.249876102
-1 1.249867506
-0.8 1.249858795
-0.6 1.249849964
-0.4 1.24984101
-0.2 1.24983193
0 1.24982272
0.2 1.249813376
0.4 1.249803894
0.6 1.249794269
0.8 1.249784497
1 1.249774574
1.2 1.249764494
1.4 1.249754252
1.6 1.249743843
1.8 1.249733261
2 1.2497225
2.2 1.249711555
2.4 1.249700417
2.6 1.24968908
2.8 1.249677537
3 1.249665779
3.2 1.249653799
3.4 1.249641588
3.6 1.249629136
3.8 1.249616434
4 1.24960347
4.2 1.249590235
4.4 1.249576715
4.6 1.249562898
4.8 1.24954877
5 1.249534318
5.2 1.249519525
5.4 1.249504375
5.6 1.249488849
5.8 1.249472929
6 1.249456594
6.2 1.24943982
6.4 1.249422583
6.6 1.249404858
6.8 1.249386614
7 1.249367821
7.2 1.249348444
7.4 1.249328445
7.6 1.249307783
7.8 1.249286411
8 1.249264279
8.2 1.249241331
8.4 1.249217503
8.6 1.249192726
8.8 1.249166919
9 1.249139995
9.2 1.249111851
9.4 1.249082371
9.6 1.249051423
9.8 1.249018852
10 1.248984478
10.2 1.248948093
10.4 1.248909445
10.6 1.248868236
10.8 1.248824104
11 1.248776605
11.2 1.248725188
11.4 1.248669152
11.6 1.248607593
11.8 1.248539316
12 1.248462692
12.2 1.248375422
12.4 1.248274117
12.6 1.248153475
12.8 1.248004525
13 1.247810221
13.2 1.247531624
13.4 1.247041195
13.6 1.243154944
13.8 0.7099691789
14 -0.003587157762
14.2 -0.2684833375
14.4 -0.2906368498
14.6 -0.3025561233
14.8 -0.3107849135
15 -0.3170959382
15.2 -0.3222275075
15.4 -0.3265587373
15.6 -0.3303104794
15.8 -0.3336228274
16 -0.3365902967
16.2 -0.3392797063
16.4 -0.3417400634
16.6 -0.344008394
16.8 -0.3461133646
17 -0.3480776293
17.2 -0.349919407
17.4 -0.351653571
17.6 -0.3532924238
17.8 -0.3548462592
18 -0.3563237783
18.2 -0.3577324033
18.4 -0.3590785168
18.6 -0.3603676485
18.8 -0.3616046207
19 -0.3627936648
19.2 -0.3639385141
19.4 -0.3650424794
19.6 -0.3661085109
19.8 -0.3671392483
20 -0.3681370638
20.2 -0.3691040964
20.4 -0.3700422823
20.6 -0.3709533793
20.8 -0.3718389885
21 -0.3727005723
21.2 -0.3735394698
21.4 -0.3743569109
21.6 -0.3751540272
21.8 -0.3759318628
22 -0.3766913827
22.2 -0.3774334811
22.4 -0.3781589877
22.6 -0.3788686738
22.8 -0.3795632583
23 -0.3802434114
23.2 -0.3809097598
23.4 -0.3815628897
23.6 -0.3822033507
23.8 -0.3828316585
24 -0.383448298
24.2 -0.3840537252
24.4 -0.3846483697
24.6 -0.3852326371
24.8 -0.38580691
25 -0.3863715502
25.2 -0.3869269002
25.4 -0.3874732844
25.6 -0.3880110102
25.8 -0.3885403697
26 -0.38906164
26.2 -0.3895750849
26.4 -0.3900809552
26.6 -0.3905794898
26.8 -0.3910709165
27 -0.3915554525
27.2 -0.392033305
27.4 -0.3925046721
27.6 -0.3929697432
27.8 -0.3934286993
28 -0.3938817137
28.2 -0.3943289525
28.4 -0.3947705747
28.6 -0.3952067329
28.8 -0.3956375735
29 -0.396063237
29.2 -0.3964838584
29.4 -0.3968995675
29.6 -0.3973104889
29.8 -0.3977167428
30 -0.3981184446
30.2 -0.3985157056
30.4 -0.398908633
30.6 -0.3992973301
30.8 -0.3996818966
31 -0.4000624285
31.2 -0.4004390188
31.4 -0.4008117569
31.6 -0.4011807295
31.8 -0.4015460201
32 -0.4019077096
32.2 -0.4022658763
32.4 -0.4026205957
32.6 -0.4029719411
32.8 -0.4033199833
33 -0.4036647911
33.2 -0.4040064309
33.4 -0.4043449673
33.6 -0.4046804626
33.8 -0.4050129775
34 -0.4053425709
34.2 -0.4056692997
34.4 -0.4059932193
34.6 -0.4063143836
34.8 -0.4066328448
35 -0.4069486535
35.2 -0.4072618591
35.4 -0.4075725096
35.6 -0.4078806516
35.8 -0.4081863303
36 -0.4084895898
36.2 -0.4087904732
36.4 -0.4090890221
36.6 -0.4093852773
36.8 -0.4096792782
37 -0.4099710635
37.2 -0.4102606708
37.4 -0.4105481366
37.6 -0.4108334967
37.8 -0.4111167858
38 -0.4113980379
38.2 -0.4116772861
38.4 -0.4119545625
38.6 -0.4122298989
38.8 -0.4125033257
39 -0.4127748732
39.2 -0.4130445705
39.4 -0.4133124463
39.6 -0.4135785284
39.8 -0.4138428443
40 -0.4141054205
