# x y  (written by maestro2tex)
-2.26 16.14174023
-2.237512438 4.369871549
-2.215024876 1.087973952
-2.192537313 0.5602954513
-2.170049751 0.3543080879
-2.147562189 0.2582458472
-2.125074627 0.2085027968
-2.102587065 0.1817241177
-2.080099502 0.1650492701
-2.05761194 0.1530150673
-2.035124378 0.1433129036
-2.012636816 0.1349162793
-1.990149254 0.1273325347
-1.967661692 0.1203057196
-1.945174129 0.1136926101
-1.922686567 0.1074074516
-1.900199005 0.1013956492
-1.877711443 0.09562045172
-1.855223881 0.09005583015
-1.832736318 0.08468248032
-1.810248756 0.07948547946
-1.787761194 0.07445285919
-1.765273632 0.0695747066
-1.74278607 0.06484258053
-1.720298507 0.06024912225
-1.697810945 0.0557877894
-1.675323383 0.05145267015
-1.652835821 0.04723835092
-1.630348259 0.04313982028
-1.607860697 0.03915239832
-1.585373134 0.03527168362
-1.562885572 0.03149351312
-1.54039801 0.02781393117
-1.517910448 0.02422916543
-1.495422886 0.02073560794
-1.472935323 0.01732979985
-1.450447761 0.01400841922
-1.427960199 0.01076827093
-1.405472637 0.007606278341
-1.382985075 0.004519476305
-1.360497512 0.001505005188
-1.33800995 -0.00143989428
-1.315522388 -0.004317885523
-1.293034826 -0.007131540102
-1.270547264 -0.00988334132
-1.248059701 -0.01257568747
-1.225572139 -0.01521089485
-1.203084577 -0.01779120054
-1.180597015 -0.02031876502
-1.158109453 -0.02279567465
-1.135621891 -0.02522394399
-1.113134328 -0.0276055181
-1.090646766 -0.02994227465
-1.068159204 -0.03223602607
-1.045671642 -0.03448852154
-1.02318408 -0.03670144897
-1.000696517 -0.03887643694
-0.9782089552 -0.04101505653
-0.955721393 -0.0431188232
-0.9332338308 -0.04518919854
-0.9107462687 -0.04722759201
-0.8882587065 -0.04923536271
-0.8657711443 -0.05121382094
-0.8432835821 -0.05316422996
-0.8207960199 -0.05508780746
-0.7983084577 -0.05698572722
-0.7758208955 -0.05885912057
-0.7533333333 -0.06070907791
-0.7308457711 -0.06253665013
-0.708358209 -0.06434285004
-0.6858706468 -0.06612865379
-0.6633830846 -0.06789500214
-0.6408955224 -0.06964280183
-0.6184079602 -0.07137292681
-0.595920398 -0.07308621955
-0.5734328358 -0.07478349216
-0.5509452736 -0.07646552763
-0.5284577114 -0.07813308097
-0.5059701493 -0.07978688027
-0.4834825871 -0.08142762784
-0.4609950249 -0.08305600122
-0.4385074627 -0.0846726542
-0.4160199005 -0.08627821783
-0.3935323383 -0.08787330136
-0.3710447761 -0.08945849317
-0.3485572139 -0.09103436169
-0.3260696517 -0.09260145625
-0.3035820896 -0.09416030796
-0.2810945274 -0.09571143053
-0.2586069652 -0.09725532103
-0.236119403 -0.09879246073
-0.2136318408 -0.1003233158
-0.1911442786 -0.1018483381
-0.1686567164 -0.1033679659
-0.1461691542 -0.1048826243
-0.123681592 -0.1063927265
-0.1011940299 -0.1078986737
-0.07870646766 -0.1094008564
-0.05621890547 -0.1108996547
-0.03373134328 -0.1123954388
-0.01124378109 -0.1138885698
0.01124378109 -0.1153794002
0.03373134328 -0.1168682744
0.05621890547 -0.1183555294
0.07870646766 -0.1198414951
0.1011940299 -0.1213264949
0.123681592 -0.1228108465
0.1461691542 -0.1242948618
0.1686567164 -0.1257788479
0.1911442786 -0.1272631073
0.2136318408 -0.1287479387
0.236119403 -0.130233637
0.2586069652 -0.1317204939
0.2810945274 -0.1332087987
0.3035820896 -0.1346988382
0.3260696517 -0.1361908976
0.3485572139 -0.1376852605
0.3710447761 -0.1391822097
0.3935323383 -0.1406820274
0.4160199005 -0.1421849958
0.4385074627 -0.1436913973
0.4609950249 -0.145201515
0.4834825871 -0.1467156333
0.5059701493 -0.1482340379
0.5284577114 -0.1497570169
0.5509452736 -0.1512848604
0.5734328358 -0.1528178616
0.595920398 -0.1543563169
0.6184079602 -0.1559005264
0.6408955224 -0.1574507945
0.6633830846 -0.1590074301
0.6858706468 -0.1605707472
0.708358209 -0.1621410656
0.7308457711 -0.163718711
0.7533333333 -0.1653040158
0.7758208955 -0.1668973195
0.7983084577 -0.1684989693
0.8207960199 -0.1701093208
0.8432835821 -0.1717287384
0.8657711443 -0.1733575962
0.8882587065 -0.1749962785
0.9107462687 -0.1766451803
0.9332338308 -0.1783047088
0.955721393 -0.1799752833
0.9782089552 -0.1816573369
1.000696517 -0.1833513169
1.02318408 -0.1850576861
1.045671642 -0.1867769238
1.068159204 -0.188509527
1.090646766 -0.190256012
1.113134328 -0.1920169154
1.135621891 -0.1937927962
1.158109453 -0.1955842372
1.180597015 -0.1973918475
1.203084577 -0.199216264
1.225572139 -0.201058155
1.248059701 -0.2029182219
1.270547264 -0.2047972037
1.293034826 -0.2066958798
1.315522388 -0.208615075
1.33800995 -0.2105556646
1.360497512 -0.2125185801
1.382985075 -0.2145048166
1.405472637 -0.2165154414
1.427960199 -0.218551604
1.450447761 -0.220614549
1.472935323 -0.2227056312
1.495422886 -0.2248263349
1.517910448 -0.2269782981
1.54039801 -0.2291633431
1.562885572 -0.231383516
1.585373134 -0.2336411392
1.607860697 -0.2359388793
1.630348259 -0.238279841
1.652835821 -0.2406676936
1.675323383 -0.2431068496
1.697810945 -0.2456027166
1.720298507 -0.2481620646
1.74278607 -0.2507935684
1.765273632 -0.2535086316
1.787761194 -0.2563226642
1.810248756 -0.2592571194
1.832736318 -0.2623428245
1.855223881 -0.2656255827
1.877711443 -0.2691758479
1.900199005 -0.2731058322
1.922686567 -0.2776002477
1.945174129 -0.2829715216
1.967661692 -0.2897557934
1.990149254 -0.2988650039
2.012636816 -0.3117834036
2.035124378 -0.3307333892
2.05761194 -0.3587191467
2.080099502 -0.399542699
2.102587065 -0.4581775206
2.125074627 -0.542060371
2.147562189 -0.6644495605
2.170049751 -0.85563798
2.192537313 -1.20559008
2.215024876 -2.493523506
2.237512438 -13.76037017
2.26 -26.46702887
