# x y  (written by maestro2tex)
-40 1.250630516
-39.8 1.250628294
-39.6 1.250626065
-39.4 1.250623829
-39.2 1.250621586
-39 1.250619335
-38.8 1.250617077
-38.6 1.250614812
-38.4 1.250612539
-38.2 1.250610259
-38 1.250607971
-37.8 1.250605675
-37.6 1.250603372
-37.4 1.250601061
-37.2 1.250598743
-37 1.250596416
-36.8 1.250594082
-36.6 1.25059174
-36.4 1.25058939
-36.2 1.250587031
-36 1.250584665
-35.8 1.25058229
-35.6 1.250579907
-35.4 1.250577516
-35.2 1.250575116
-35 1.250572708
-34.8 1.250570292
-34.6 1.250567867
-34.4 1.250565433
-34.2 1.25056299
-34 1.250560539
-33.8 1.250558079
-33.6 1.250555609
-33.4 1.250553131
-33.2 1.250550644
-33 1.250548148
-32.8 1.250545642
-32.6 1.250543127
-32.4 1.250540603
-32.2 1.250538069
-32 1.250535526
-31.8 1.250532973
-31.6 1.25053041
-31.4 1.250527838
-31.2 1.250525256
-31 1.250522663
-30.8 1.250520061
-30.6 1.250517449
-30.4 1.250514826
-30.2 1.250512193
-30 1.25050955
-29.8 1.250506896
-29.6 1.250504232
-29.4 1.250501557
-29.2 1.250498871
-29 1.250496174
-28.8 1.250493467
-28.6 1.250490748
-28.4 1.250488018
-28.2 1.250485277
-28 1.250482525
-27.8 1.250479761
-27.6 1.250476986
-27.4 1.250474198
-27.2 1.2504714
-27 1.250468589
-26.8 1.250465766
-26.6 1.250462931
-26.4 1.250460084
-26.2 1.250457224
-26 1.250454352
-25.8 1.250451468
-25.6 1.250448571
-25.4 1.250445661
-25.2 1.250442737
-25 1.250439801
-24.8 1.250436852
-24.6 1.250433889
-24.4 1.250430913
-24.2 1.250427923
-24 1.25042492
-23.8 1.250421902
-23.6 1.25041887
-23.4 1.250415825
-23.2 1.250412765
-23 1.25040969
-22.8 1.250406601
-22.6 1.250403497
-22.4 1.250400378
-22.2 1.250397244
-22 1.250394095
-21.8 1.25039093
-21.6 1.25038775
-21.4 1.250384554
-21.2 1.250381342
-21 1.250378114
-20.8 1.25037487
-20.6 1.250371609
-20.4 1.250368332
-20.2 1.250365037
-20 1.250361726
-19.8 1.250358398
-19.6 1.250355052
-19.4 1.250351688
-19.2 1.250348307
-19 1.250344908
-18.8 1.25034149
-18.6 1.250338054
-18.4 1.2503346
-18.2 1.250331126
-18 1.250327633
-17.8 1.250324121
-17.6 1.25032059
-17.4 1.250317039
-17.2 1.250313467
-17 1.250309875
-16.8 1.250306263
-16.6 1.25030263
-16.4 1.250298976
-16.2 1.2502953
-16 1.250291603
-15.8 1.250287884
-15.6 1.250284143
-15.4 1.25028038
-15.2 1.250276593
-15 1.250272784
-14.8 1.250268951
-14.6 1.250265095
-14.4 1.250261214
-14.2 1.25025731
-14 1.25025338
-13.8 1.250249426
-13.6 1.250245446
-13.4 1.250241441
-13.2 1.250237409
-13 1.250233352
-12.8 1.250229267
-12.6 1.250225155
-12.4 1.250221016
-12.2 1.250216849
-12 1.250212653
-11.8 1.250208429
-11.6 1.250204175
-11.4 1.250199892
-11.2 1.250195578
-11 1.250191235
-10.8 1.25018686
-10.6 1.250182453
-10.4 1.250178015
-10.2 1.250173544
-10 1.25016904
-9.8 1.250164503
-9.6 1.250159931
-9.4 1.250155325
-9.2 1.250150684
-9 1.250146007
-8.8 1.250141293
-8.6 1.250136543
-8.4 1.250131755
-8.2 1.250126929
-8 1.250122064
-7.8 1.250117159
-7.6 1.250112214
-7.4 1.250107228
-7.2 1.250102201
-7 1.250097131
-6.8 1.250092018
-6.6 1.25008686
-6.4 1.250081658
-6.2 1.250076411
-6 1.250071117
-5.8 1.250065775
-5.6 1.250060386
-5.4 1.250054947
-5.2 1.250049457
-5 1.250043917
-4.8 1.250038325
-4.6 1.250032679
-4.4 1.250026979
-4.2 1.250021223
-4 1.250015411
-3.8 1.250009541
-3.6 1.250003613
-3.4 1.249997623
-3.2 1.249991573
-3 1.249985459
-2.8 1.249979281
-2.6 1.249973038
-2.4 1.249966727
-2.2 1.249960348
-2 1.249953898
-1.8 1.249947376
-1.6 1.24994078
-1.4 1.249934109
-1.2 1.249927361
-1 1.249920533
-0.8 1.249913625
-0.6 1.249906633
-0.4 1.249899556
-0.2 1.249892391
0 1.249885136
0.2 1.24987779
0.4 1.249870348
0.6 1.24986281
0.8 1.249855171
1 1.24984743
1.2 1.249839583
1.4 1.249831628
1.6 1.249823561
1.8 1.249815378
2 1.249807077
2.2 1.249798654
2.4 1.249790105
2.6 1.249781426
2.8 1.249772613
3 1.249763661
3.2 1.249754567
3.4 1.249745325
3.6 1.24973593
3.8 1.249726376
4 1.24971666
4.2 1.249706773
4.4 1.249696711
4.6 1.249686467
4.8 1.249676033
5 1.249665403
5.2 1.249654569
5.4 1.249643522
5.6 1.249632254
5.8 1.249620756
6 1.249609018
6.2 1.249597029
6.4 1.249584778
6.6 1.249572254
6.8 1.249559443
7 1.249546332
7.2 1.249532907
7.4 1.249519151
7.6 1.249505047
7.8 1.249490578
8 1.249475723
8.2 1.249460462
8.4 1.24944477
8.6 1.249428624
8.8 1.249411994
9 1.249394852
9.2 1.249377164
9.4 1.249358894
9.6 1.249340003
9.8 1.249320446
10 1.249300173
10.2 1.249279132
10.4 1.24925726
10.6 1.24923449
10.8 1.249210744
11 1.249185935
11.2 1.249159962
11.4 1.249132712
11.6 1.249104052
11.8 1.249073829
12 1.249041863
12.2 1.249007941
12.4 1.24897181
12.6 1.248933163
12.8 1.248891627
13 1.248846736
13.2 1.248797907
13.4 1.248744388
13.6 1.248685194
13.8 1.248618991
14 1.248543922
14.2 1.24845728
14.4 1.248354907
14.6 1.248229942
14.8 1.248069817
15 1.247847543
15.2 1.247485614
15.4 1.246470405
15.6 0.9240102544
15.8 0.3530652633
16 -0.2635743819
16.2 -0.3193730992
16.4 -0.3363888815
16.6 -0.3467720129
16.8 -0.3542913504
17 -0.3602045137
17.2 -0.3650870004
17.4 -0.3692508189
17.6 -0.3728843336
17.8 -0.3761100995
18 -0.3790123834
18.2 -0.3816516448
18.4 -0.3840727526
18.6 -0.3863099351
18.8 -0.3883899067
19 -0.3903339231
19.2 -0.3921591781
19.4 -0.3938797794
19.6 -0.3955074477
19.8 -0.3970520281
20 -0.3985218712
20.2 -0.399924122
20.4 -0.401264942
20.6 -0.4025496825
20.8 -0.4037830207
21 -0.4049690693
21.2 -0.4061114636
21.4 -0.4072134332
21.6 -0.4082778601
21.8 -0.4093073273
22 -0.4103041587
22.2 -0.4112704527
22.4 -0.4122081109
22.6 -0.4131188614
22.8 -0.4140042801
23 -0.4148658074
23.2 -0.4157047638
23.4 -0.4165223628
23.6 -0.4173197221
23.8 -0.4180978734
24 -0.4188577713
24.2 -0.4196003004
24.4 -0.4203262824
24.6 -0.4210364817
24.8 -0.4217316107
25 -0.4224123344
25.2 -0.4230792745
25.4 -0.4237330131
25.6 -0.4243740961
25.8 -0.425003036
26 -0.4256203148
26.2 -0.4262263858
26.4 -0.4268216768
26.6 -0.427406591
26.8 -0.4279815096
27 -0.4285467928
27.2 -0.4291027818
27.4 -0.4296497997
27.6 -0.4301881532
27.8 -0.4307181332
28 -0.4312400163
28.2 -0.4317540655
28.4 -0.432260531
28.6 -0.4327596513
28.8 -0.4332516537
29 -0.4337367551
29.2 -0.4342151624
29.4 -0.4346870736
29.6 -0.4351526776
29.8 -0.4356121555
30 -0.4360656803
30.2 -0.4365134182
30.4 -0.436955528
30.6 -0.4373921623
30.8 -0.4378234676
31 -0.4382495842
31.2 -0.4386706473
31.4 -0.4390867866
31.6 -0.439498127
31.8 -0.4399047884
32 -0.4403068867
32.2 -0.440704533
32.4 -0.4410978347
32.6 -0.4414868952
32.8 -0.4418718143
33 -0.4422526883
33.2 -0.4426296099
33.4 -0.4430026691
33.6 -0.4433719524
33.8 -0.4437375436
34 -0.4440995237
34.2 -0.4444579711
34.4 -0.4448129615
34.6 -0.4451645683
34.8 -0.4455128625
35 -0.4458579129
35.2 -0.4461997862
35.4 -0.4465385471
35.6 -0.446874258
35.8 -0.4472069798
36 -0.4475367714
36.2 -0.4478636901
36.4 -0.4481877913
36.6 -0.4485091289
36.8 -0.4488277553
37 -0.4491437215
37.2 -0.4494570767
37.4 -0.4497678692
37.6 -0.4500761456
37.8 -0.4503819515
38 -0.4506853309
38.2 -0.450986327
38.4 -0.4512849817
38.6 -0.4515813357
38.8 -0.4518754287
39 -0.4521672995
39.2 -0.4524569857
39.4 -0.4527445241
39.6 -0.4530299504
39.8 -0.4533132996
40 -0.4535946057
