# x y  (written by maestro2tex)
0 0.7499505733
2 0.7499502175
6 0.7499504004
9.973825932 0.749950404
16.20768611 0.7499504026
28.67540646 0.7499504027
48.67540646 0.7499504027
68.67540646 0.7499504027
84.33770323 0.7499504027
100 0.7499504027
100.0000625 0.7500371878
100.0001229 0.7501107016
100.0002437 0.7502168086
100.0003803 0.7502754692
100.0005146 0.7502860964
100.0006426 0.7502655156
100.0007913 0.7502139287
100.0008957 0.7501628331
100.001 0.7501015592
100.0010148 0.7500820126
100.0010306 0.7500614337
100.0010522 0.7500343014
100.0010923 0.749986595
100.0011725 0.7499013761
100.0013121 0.749783267
100.0014591 0.7496970968
100.0016185 0.7496437755
100.0017975 0.7496282501
100.0020016 0.7496605666
100.0022418 0.7497567852
100.0025331 0.7499433413
100.0028997 0.7502649842
100.00339 0.7508101452
100.0040894 0.751750025
100.0049524 0.7530903676
100.0059263 0.7547636233
100.0069195 0.7565892581
100.008003 0.7586744476
100.009249 0.761155741
100.0107706 0.7642692636
100.0127766 0.7684681291
100.0154553 0.7741825908
100.0186045 0.7810006089
100.0221327 0.7887211433
100.0260478 0.7973550932
100.0304685 0.8071635943
100.0356354 0.8186869857
100.0419304 0.8327930526
100.0499769 0.8509058465
100.0608772 0.8755470353
100.0767532 0.911562358
100.1015576 0.9679072344
100.1383197 1.051118401
100.1828129 1.150803698
100.2336667 1.262880327
100.292868 1.390495559
100.3653571 1.542468697
100.3811056 1.574906942
100.4051169 1.624202128
100.4166078 1.647816712
100.4284086 1.672197906
100.4395397 1.695403944
100.449835 1.717059557
100.461172 1.740888178
100.4706948 1.760302694
100.4804948 1.778352412
100.488292 1.789942615
100.4951381 1.796945595
100.5018496 1.800151225
100.5087009 1.799573419
100.5164856 1.795183009
100.5258843 1.787312376
100.5333875 1.780790823
100.5407069 1.775306134
100.5477437 1.771198536
100.5549361 1.768100235
100.5632495 1.765518725
100.5751733 1.762814138
100.5885776 1.760406971
100.6016475 1.758378627
100.61637 1.756413552
100.6366223 1.754337248
100.6640891 1.752539449
100.6980555 1.751345189
100.7482915 1.750548085
100.8061782 1.750236765
100.8776105 1.75015564
100.9720259 1.750153633
101.1117061 1.750142205
101.3580524 1.750085482
101.8062558 1.749999134
102.2615717 1.749949813
102.7295534 1.74992566
103.2403217 1.749914357
103.8232985 1.749909744
104.5391214 1.749908455
105.4835763 1.749908639
106.8424911 1.749909186
109.0743935 1.749909537
113.3160259 1.749909595
120.8500637 1.749909552
135.3393885 1.749909539
155.3393885 1.749909541
175.3393885 1.749909541
195.3393885 1.749909541
215.3393885 1.749909541
235.3393885 1.749909541
255.3393885 1.749909541
275.3393885 1.749909541
295.3393885 1.749909541
315.3393885 1.749909541
335.3393885 1.749909541
355.3393885 1.749909541
375.3393885 1.749909541
395.3393885 1.749909541
415.3393885 1.749909541
435.3393885 1.749909541
455.3393885 1.749909541
475.3393885 1.749909541
495.3393885 1.749909541
515.3393885 1.749909541
535.3393885 1.749909541
555.3393885 1.749909541
575.3393885 1.749909541
595.3393885 1.749909541
615.3393885 1.749909541
635.3393885 1.749909541
655.3393885 1.749909541
675.3393885 1.749909541
695.3393885 1.749909541
715.3393885 1.749909541
735.3393885 1.749909541
755.3393885 1.749909541
775.3393885 1.749909541
795.3393885 1.749909541
815.3393885 1.749909541
835.3393885 1.749909541
855.3393885 1.749909541
875.3393885 1.749909541
895.3393885 1.749909541
915.3393885 1.749909541
935.3393885 1.749909541
955.3393885 1.749909541
975.3393885 1.749909541
995.3393885 1.749909541
1015.339389 1.749909541
1035.339389 1.749909541
1055.339389 1.749909541
1075.339389 1.749909541
1087.670194 1.749909541
1100.001 1.749909541
1100.001016 1.749890366
1100.001047 1.749851943
1100.001108 1.749773221
1100.001171 1.749691042
1100.001275 1.749548651
1100.001406 1.749349902
1100.001583 1.748986006
1100.001713 1.748589771
1100.001841 1.748051888
1100.00192 1.747626561
1100.002 1.747123293
1100.002013 1.747042298
1100.002027 1.746953866
1100.002045 1.746833449
1100.002076 1.746619598
1100.002138 1.746152808
1100.002239 1.745289581
1100.00235 1.744236174
1100.002476 1.742935376
1100.002623 1.741304644
1100.002797 1.739258311
1100.00301 1.736661542
1100.003271 1.733356966
1100.003596 1.72915776
1100.003999 1.723877433
1100.004501 1.717313405
1100.005129 1.709178142
1100.00593 1.699084578
1100.006977 1.686470565
1100.008406 1.670466772
1100.010255 1.651988647
1100.012403 1.633567003
1100.014913 1.61578017
1100.017705 1.599909183
1100.020396 1.587643896
1100.023126 1.577385507
1100.026006 1.56813872
1100.029128 1.559163664
1100.032621 1.549654609
1100.03664 1.53866485
1100.041406 1.524893225
1100.046531 1.508840896
1100.052252 1.489452959
1100.059138 1.464636013
1100.066626 1.43674382
1100.074282 1.408026498
1100.083127 1.37514826
1100.094449 1.333598743
1100.108634 1.281910856
1100.124895 1.222614047
1100.144634 1.150362924
1100.17338 1.045019843
1100.183353 1.00855313
1100.194077 0.9695418746
1100.20133 0.9433853454
1100.209311 0.9150307018
1100.215834 0.8924199716
1100.221163 0.8745233326
1100.226055 0.8587586929
1100.230934 0.8439154529
1100.234898 0.8327105569
1100.239406 0.821272306
1100.242645 0.8141435381
1100.245391 0.8089587348
1100.248248 0.8044830236
1100.251816 0.8001677368
1100.256403 0.796267551
1100.259961 0.7941393023
1100.263428 0.792462155
1100.267298 0.79069852
1100.271914 0.7884083322
1100.277686 0.7850558858
1100.283712 0.78110728
1100.290709 0.7764399513
1100.29923 0.7713877011
1100.308606 0.7670684865
1100.318411 0.7638115048
1100.329426 0.7611424031
1100.346111 0.7580295655
1100.364159 0.7554177219
1100.382887 0.7534300904
1100.406036 0.7518488204
1100.433193 0.7508038679
1100.468984 0.7501007259
1100.513624 0.7497293769
1100.565889 0.7496124316
1100.63152 0.7496255838
1100.722884 0.7496890836
1100.8664 0.7497627331
1101.109137 0.74983169
1101.3842 0.7498755514
1101.696454 0.7499062982
1102.061114 0.7499274765
1102.493436 0.7499405896
1103.020601 0.7499476606
1103.682634 0.7499506512
1104.546135 0.7499512964
1105.736993 0.7499509665
1107.532997 0.7499505402
1110.733688 0.7499503627
1116.929347 0.7499503755
1129.014736 0.7499504007
1149.014736 0.7499504034
1169.014736 0.7499504028
1189.014736 0.7499504027
1209.014736 0.7499504027
1229.014736 0.7499504027
1249.014736 0.7499504027
1269.014736 0.7499504027
1289.014736 0.7499504027
1309.014736 0.7499504027
1329.014736 0.7499504027
1349.014736 0.7499504027
1369.014736 0.7499504027
1389.014736 0.7499504027
1409.014736 0.7499504027
1429.014736 0.7499504027
1449.014736 0.7499504027
1469.014736 0.7499504027
1489.014736 0.7499504027
1509.014736 0.7499504027
1529.014736 0.7499504027
1549.014736 0.7499504027
1569.014736 0.7499504027
1589.014736 0.7499504027
1609.014736 0.7499504027
1629.014736 0.7499504027
1649.014736 0.7499504027
1669.014736 0.7499504027
1689.014736 0.7499504027
1709.014736 0.7499504027
1729.014736 0.7499504027
1749.014736 0.7499504027
1769.014736 0.7499504027
1789.014736 0.7499504027
1809.014736 0.7499504027
1829.014736 0.7499504027
1849.014736 0.7499504027
1869.014736 0.7499504027
1889.014736 0.7499504027
1909.014736 0.7499504027
1929.014736 0.7499504027
1949.014736 0.7499504027
1969.014736 0.7499504027
1984.507368 0.7499504027
2000 0.7499504027
