# x y  (written by maestro2tex)
0 0.0004299681917
0.02 0.0004299681917
0.06 0.0004299681917
0.14 0.0004299681917
0.2 0.0004299681917
0.200008326 0.0004380157837
0.2000144513 0.0004439631066
0.2000267018 0.0004555969863
0.2000448362 0.0004720788708
0.2000811051 0.0005021372009
0.2001536428 0.0005506882979
0.2002840736 0.0006064635328
0.2004423628 0.0006381159252
0.2005954422 0.0006476695342
0.2007614593 0.000647730414
0.2009557529 0.0006432534276
0.2012057228 0.0006358360803
0.2015744183 0.0006239137002
0.2021955386 0.0006004940024
0.2027321465 0.0005766482802
0.2032164462 0.0005528692015
0.2037142768 0.0005269425783
0.2042669407 0.0004954697506
0.20498721 0.0004423971786
0.2059371686 0.0003621186233
0.2067656722 0.0003407926778
0.2073642966 0.0003535434353
0.2078649089 0.0003640204483
0.2084085607 0.0003700692071
0.2092174034 0.0003723697094
0.21 0.0003721552045
0.2101285468 0.000364305646
0.2102435954 0.0003597721094
0.2103884821 0.0003570974146
0.2106782555 0.000356642739
0.2110786071 0.0003594230339
0.2115895559 0.0003634460617
0.2122611176 0.0003673591195
0.2132218145 0.0003705132532
0.2145094129 0.0003720593473
0.2159078622 0.0003719817066
0.2173326622 0.0003711397155
0.2189383371 0.0003700126537
0.2208977388 0.0003688244942
0.2235606873 0.0003677216442
0.2279718787 0.0003669218716
0.2359194563 0.0003674531706
0.2451338991 0.0003699141811
0.2557553344 0.00037403736
0.2685904971 0.0003799137163
0.2849359633 0.0003881426894
0.2912582431 0.0003915129716
0.3039028025 0.0003984988797
0.3071456582 0.0004003493668
0.3136313696 0.0004041188545
0.3266027925 0.0004119672259
0.3298456482 0.0004140007385
0.3363313596 0.0004181486644
0.3493027824 0.0004268005224
0.3525456381 0.0004290424693
0.3590313496 0.000433619461
0.3720027724 0.0004431706355
0.3752456281 0.0004456430785
0.3817313395 0.000450695724
0.3947027623 0.0004612470942
0.3979456181 0.0004639786009
0.4044313295 0.0004695679871
0.4174027523 0.0004812663199
0.420645608 0.0004843018377
0.4271313194 0.000490523481
0.4401027423 0.0005035872488
0.4451512935 0.0005089061701
0.4552483958 0.0005199761253
0.4599535237 0.0005253383137
0.4693637794 0.0005364797666
0.4881842908 0.0005605730174
0.4946973353 0.0005695216408
0.5077234243 0.0005884788195
0.5153119703 0.0006002202915
0.5304890623 0.0006254166747
0.5397960566 0.0006421077781
0.5584100452 0.00067872938
0.5697037317 0.0007033321909
0.5831939172 0.0007354510173
0.5964393735 0.0007702917146
0.6108861128 0.0008126345015
0.6261813035 0.0008632933863
0.6426333133 0.0009258663897
0.6602921958 0.001004586147
0.6791437585 0.001105533113
0.6994797189 0.001240544072
0.7178304533 0.00139429061
0.733603886 0.001559956378
0.7473208147 0.001738446597
0.7671884451 0.002078600957
0.7858449018 0.002531775478
0.800894974 0.003047937488
0.8133504258 0.003633866383
0.8238979071 0.004297886125
0.8329790692 0.005046516133
0.8409644532 0.00589232792
0.8481257427 0.006851556179
0.8546601791 0.007943667778
0.8607174325 0.009192437515
0.8664138901 0.01062680766
0.8718432697 0.01228225148
0.8770842371 0.01420271048
0.8822060239 0.01644327205
0.887273735 0.0190743231
0.8923551154 0.02218882724
0.8975321551 0.02591701104
0.9029258033 0.03046068552
0.9087604128 0.03618891461
0.9156009781 0.04400345245
0.9267530696 0.05906265423
0.9353178247 0.0722605435
0.9423257225 0.08389327171
0.949583681 0.09655018903
0.957428824 0.1107718668
0.9663985139 0.1275652903
0.9769583983 0.147895955
0.989465154 0.1725674412
1.004336474 0.202521124
1.022091068 0.238910278
1.035505752 0.2667466025
1.05197355 0.3011977481
1.070142554 0.3394559522
1.091844811 0.385371752
1.111152908 0.4263446846
1.149769102 0.5083842815
1.179367712 0.5712340583
1.209769473 0.6356668234
1.248231489 0.7169034194
1.294271151 0.813636572
1.3498956 0.9296715275
1.414464703 1.063129217
1.488694239 1.214820443
1.56906858 1.376846732
1.64734941 1.532234993
1.714364068 1.663156836
1.776176992 1.782006886
1.822645628 1.870060772
1.862565481 1.944771729
1.903473756 2.020395764
1.959772206 2.122824138
2.025582301 2.239868251
2.058063294 2.296397154
2.087844861 2.34713842
2.097387144 2.36308059
2.116471708 2.393826885
2.121128662 2.401026703
2.130442568 2.414799897
2.149070381 2.438726143
2.153420908 2.443565824
2.162121961 2.452284727
2.179524067 2.466022114
2.184345455 2.469001904
2.19398823 2.47406042
2.21327378 2.481394936
2.216883889 2.482394513
2.224104108 2.484149391
2.238544546 2.486971495
2.243424573 2.487751161
2.253184626 2.48914192
2.272704733 2.49147775
2.279289624 2.492151493
2.292459408 2.49337089
2.299719324 2.493975573
2.314239155 2.495054858
2.321861025 2.495554828
2.337104763 2.496429452
2.345676473 2.496852211
2.362819892 2.497568252
2.372993937 2.497919149
2.385253396 2.498279122
2.397523467 2.498580015
2.411250949 2.4988573
2.426342869 2.499102337
2.443354731 2.499318207
2.462765455 2.499503829
2.485396755 2.499659473
2.505257403 2.499755723
2.544978699 2.49987862
2.575857516 2.499930948
2.607420927 2.499961324
2.64843008 2.499982242
2.701107552 2.49999407
2.772111662 2.499999146
2.875436263 2.500000071
2.992786427 2.499999398
3.117941098 2.499998937
3.252299692 2.499998883
3.395117269 2.499999024
3.54644874 2.4999992
3.707859695 2.499999355
3.881319562 2.499999483
4.069287457 2.499999592
4.269287457 2.499999681
4.469287457 2.49999975
4.669287457 2.499999803
4.869287457 2.499999844
5.069287457 2.499999875
5.269287457 2.499999899
5.469287457 2.499999917
5.669287457 2.499999931
5.869287457 2.499999941
6.069287457 2.499999949
6.269287457 2.499999955
6.469287457 2.499999959
6.669287457 2.499999963
6.869287457 2.499999965
7.069287457 2.499999967
7.269287457 2.499999969
7.469287457 2.49999997
7.669287457 2.499999971
7.869287457 2.499999972
8.069287457 2.499999972
8.269287457 2.499999972
8.469287457 2.499999973
8.669287457 2.499999973
8.869287457 2.499999973
9.069287457 2.499999973
9.269287457 2.499999973
9.469287457 2.499999973
9.669287457 2.499999973
9.869287457 2.499999973
10.06928746 2.499999973
10.21 2.499999973
10.21000977 2.499999791
10.2100293 2.499999429
10.21006836 2.499998703
10.21012658 2.4999976
10.21024303 2.49999525
10.21047593 2.499989901
10.21094174 2.499976867
10.21150608 2.499957561
10.21218228 2.499930385
10.21303938 2.499891196
10.21414601 2.499834488
10.21444234 2.499818094
10.21497367 2.499790625
10.21534344 2.499780884
10.2157078 2.499791223
10.21607735 2.499830665
10.21658806 2.499940696
10.21702471 2.500085375
10.21739445 2.500241116
10.21779715 2.500440963
10.21829587 2.500725946
10.2190197 2.50119896
10.22 2.501920511
10.22011868 2.502016493
10.2202329 2.5021076
10.22039804 2.502236831
10.22072832 2.502487329
10.22108194 2.502744577
10.22146245 2.503009272
10.22191048 2.503305517
10.22244839 2.503640278
10.22312366 2.504030639
10.22399846 2.504491973
10.22517152 2.505042998
10.22680951 2.505706783
10.22932475 2.506545657
10.23243368 2.507366222
10.23604789 2.508114587
10.24030837 2.508807505
10.24537093 2.509452072
10.25146886 2.510050807
10.25888077 2.510593895
10.2679128 2.511061992
10.27890126 2.511434904
10.29221734 2.511698687
10.3082905 2.511839825
10.3276307 2.51177688
10.33548537 2.511647395
10.3511947 2.51093758
10.35477364 2.51065945
10.36193151 2.509846274
10.37624725 2.506361349
10.37898599 2.505350821
10.38446349 2.502795001
10.39541848 2.494753336
10.41178286 2.47300949
10.43014346 2.432966717
10.43271261 2.426035709
10.43785091 2.411283037
10.4481275 2.378916842
10.46485628 2.321416848
10.4815473 2.26210479
10.49894129 2.200337933
10.5068894 2.172216996
10.52278563 2.115899609
10.53712138 2.064798756
10.56579288 1.961676928
10.58596132 1.88856591
10.60359691 1.824337057
10.63886811 1.695171145
10.6700517 1.580323522
10.6958808 1.484869043
10.7253692 1.375687758
10.75766975 1.255995537
10.79217612 1.128171547
10.83164019 0.9822566577
10.87270167 0.8310483423
10.91158365 0.6887462461
10.94982756 0.5497412061
11.00374806 0.3554470535
11.03325642 0.2502161491
11.0522408 0.1832177574
11.05795971 0.1632040418
11.06939751 0.1236804695
11.07225696 0.1139486256
11.07797587 0.09486158889
11.08941368 0.06039304056
11.10213715 0.03369273983
11.11341225 0.02060395103
11.12720819 0.01276405338
11.14021782 0.009109725888
11.15374568 0.006838704186
11.16985921 0.005134411705
11.18466887 0.004130084821
11.20399163 0.0032647761
11.22882681 0.002559631351
11.2495246 0.002167470728
11.27011532 0.001881130342
11.28563574 0.00171196691
11.30527913 0.001538286086
11.32772798 0.001379760122
11.34579197 0.0012751072
11.3709644 0.001154418257
11.39361973 0.001064966459
11.41486531 0.0009937259697
11.43583549 0.0009329397476
11.45568476 0.0008825187726
11.47327147 0.0008426717955
11.48945356 0.0008094293668
11.50408778 0.0007818338802
11.5174653 0.0007584291104
11.52970484 0.0007383884171
11.54102679 0.0007209152989
11.55163867 0.0007053935342
11.56180483 0.0006912437244
11.57188297 0.0006778648753
11.5825474 0.0006643651103
11.59619379 0.0006480089793
11.60927773 0.0006332298777
11.61791496 0.000623929309
11.63518943 0.0006063314576
11.64154363 0.0006001791798
11.65425203 0.0005883442329
11.66154578 0.0005818218569
11.67613328 0.0005693216505
11.68667416 0.0005607089501
11.70071989 0.0005497272538
11.71237634 0.0005409925801
11.72924616 0.0005288390358
11.74277934 0.0005193391056
11.75310524 0.0005120914741
11.76206062 0.0005056673806
11.77038249 0.0004993924349
11.78065259 0.0004907620451
11.78554558 0.0004861067246
11.79034854 0.0004812597117
11.79508046 0.0004764896039
11.8004319 0.0004714482041
11.80609516 0.0004667011449
11.81197377 0.0004623582332
11.81774253 0.000458542348
11.82422201 0.0004546473672
11.83254518 0.000450159584
11.84483186 0.0004445018613
11.85080914 0.0004421550988
11.86276368 0.0004381492477
11.86915261 0.0004363536096
11.88193048 0.0004333503107
11.88923996 0.0004319464317
11.90385894 0.0004296773979
11.91268111 0.0004286085101
11.93032545 0.000426975468
11.94162548 0.000426221319
11.9555335 0.0004255277014
11.97030766 0.0004250066557
11.98770066 0.0004246018129
12.00825855 0.0004243275427
12.02621946 0.0004242163298
12.06214126 0.0004241949565
12.0911865 0.000424297944
12.12189266 0.000424465519
12.16336086 0.0004247282195
12.2201386 0.0004250997443
12.30404437 0.0004256209738
12.44831293 0.0004264013311
12.64831293 0.0004272654702
12.84831293 0.0004279250869
13.04831293 0.0004284259521
13.24831293 0.0004288051704
13.44831293 0.0004290917166
13.64831293 0.0004293079459
13.84831293 0.0004294709722
14.04831293 0.0004295938178
14.24831293 0.000429686352
14.44831293 0.0004297560361
14.64831293 0.0004298085031
14.84831293 0.0004298480015
15.04831293 0.0004298777338
15.24831293 0.0004299001132
15.44831293 0.0004299169571
15.64831293 0.0004299296342
15.84831293 0.0004299391749
16.04831293 0.0004299463551
16.24831293 0.0004299517587
16.44831293 0.0004299558252
16.64831293 0.0004299588854
16.84831293 0.0004299611884
17.04831293 0.0004299629215
17.24831293 0.0004299642257
17.44831293 0.0004299652072
17.64831293 0.0004299659457
17.84831293 0.0004299665016
18.04831293 0.0004299669198
18.24831293 0.0004299672346
18.44831293 0.0004299674714
18.64831293 0.0004299676497
18.84831293 0.0004299677838
19.04831293 0.0004299678848
19.24831293 0.0004299679607
19.44831293 0.0004299680179
19.64831293 0.0004299680609
19.84831293 0.0004299680933
20 0.0004299681122
