# x y  (written by maestro2tex)
-40 1.250615733
-39.8 1.25061353
-39.6 1.25061132
-39.4 1.250609103
-39.2 1.250606879
-39 1.250604647
-38.8 1.250602407
-38.6 1.250600161
-38.4 1.250597906
-38.2 1.250595644
-38 1.250593375
-37.8 1.250591097
-37.6 1.250588812
-37.4 1.250586519
-37.2 1.250584218
-37 1.250581909
-36.8 1.250579592
-36.6 1.250577267
-36.4 1.250574934
-36.2 1.250572592
-36 1.250570242
-35.8 1.250567884
-35.6 1.250565518
-35.4 1.250563143
-35.2 1.250560759
-35 1.250558367
-34.8 1.250555966
-34.6 1.250553557
-34.4 1.250551138
-34.2 1.250548711
-34 1.250546275
-33.8 1.250543829
-33.6 1.250541375
-33.4 1.250538911
-33.2 1.250536438
-33 1.250533955
-32.8 1.250531463
-32.6 1.250528962
-32.4 1.250526451
-32.2 1.25052393
-32 1.2505214
-31.8 1.25051886
-31.6 1.250516309
-31.4 1.250513749
-31.2 1.250511179
-31 1.250508598
-30.8 1.250506007
-30.6 1.250503406
-30.4 1.250500794
-30.2 1.250498172
-30 1.250495539
-29.8 1.250492895
-29.6 1.250490241
-29.4 1.250487575
-29.2 1.250484898
-29 1.25048221
-28.8 1.250479511
-28.6 1.250476801
-28.4 1.250474079
-28.2 1.250471345
-28 1.2504686
-27.8 1.250465843
-27.6 1.250463074
-27.4 1.250460293
-27.2 1.2504575
-27 1.250454694
-26.8 1.250451876
-26.6 1.250449046
-26.4 1.250446203
-26.2 1.250443347
-26 1.250440479
-25.8 1.250437597
-25.6 1.250434702
-25.4 1.250431794
-25.2 1.250428872
-25 1.250425937
-24.8 1.250422988
-24.6 1.250420026
-24.4 1.250417049
-24.2 1.250414058
-24 1.250411053
-23.8 1.250408034
-23.6 1.250405
-23.4 1.250401951
-23.2 1.250398887
-23 1.250395809
-22.8 1.250392715
-22.6 1.250389605
-22.4 1.25038648
-22.2 1.25038334
-22 1.250380183
-21.8 1.250377011
-21.6 1.250373822
-21.4 1.250370617
-21.2 1.250367395
-21 1.250364156
-20.8 1.2503609
-20.6 1.250357627
-20.4 1.250354337
-20.2 1.250351029
-20 1.250347703
-19.8 1.250344359
-19.6 1.250340997
-19.4 1.250337617
-19.2 1.250334217
-19 1.250330799
-18.8 1.250327362
-18.6 1.250323905
-18.4 1.250320429
-18.2 1.250316933
-18 1.250313417
-17.8 1.25030988
-17.6 1.250306323
-17.4 1.250302744
-17.2 1.250299145
-17 1.250295524
-16.8 1.250291882
-16.6 1.250288217
-16.4 1.250284531
-16.2 1.250280821
-16 1.250277089
-15.8 1.250273334
-15.6 1.250269555
-15.4 1.250265752
-15.2 1.250261925
-15 1.250258074
-14.8 1.250254198
-14.6 1.250250296
-14.4 1.250246369
-14.2 1.250242416
-14 1.250238437
-13.8 1.250234431
-13.6 1.250230399
-13.4 1.250226338
-13.2 1.25022225
-13 1.250218134
-12.8 1.250213989
-12.6 1.250209814
-12.4 1.250205611
-12.2 1.250201377
-12 1.250197113
-11.8 1.250192817
-11.6 1.250188491
-11.4 1.250184132
-11.2 1.250179741
-11 1.250175317
-10.8 1.250170859
-10.6 1.250166367
-10.4 1.250161841
-10.2 1.250157279
-10 1.250152682
-9.8 1.250148048
-9.6 1.250143377
-9.4 1.250138669
-9.2 1.250133922
-9 1.250129136
-8.8 1.250124311
-8.6 1.250119445
-8.4 1.250114538
-8.2 1.250109589
-8 1.250104597
-7.8 1.250099562
-7.6 1.250094483
-7.4 1.250089358
-7.2 1.250084188
-7 1.250078971
-6.8 1.250073706
-6.6 1.250068392
-6.4 1.250063029
-6.2 1.250057615
-6 1.250052149
-5.8 1.250046631
-5.6 1.250041059
-5.4 1.250035432
-5.2 1.250029749
-5 1.250024008
-4.8 1.250018209
-4.6 1.25001235
-4.4 1.25000643
-4.2 1.250000448
-4 1.249994401
-3.8 1.24998829
-3.6 1.249982111
-3.4 1.249975864
-3.2 1.249969547
-3 1.249963159
-2.8 1.249956697
-2.6 1.249950159
-2.4 1.249943545
-2.2 1.249936851
-2 1.249930077
-1.8 1.249923219
-1.6 1.249916277
-1.4 1.249909246
-1.2 1.249902126
-1 1.249894914
-0.8 1.249887606
-0.6 1.249880202
-0.4 1.249872697
-0.2 1.249865089
0 1.249857375
0.2 1.249849552
0.4 1.249841616
0.6 1.249833565
0.8 1.249825394
1 1.2498171
1.2 1.249808678
1.4 1.249800126
1.6 1.249791438
1.8 1.249782611
2 1.249773638
2.2 1.249764516
2.4 1.249755239
2.6 1.249745801
2.8 1.249736197
3 1.249726421
3.2 1.249716466
3.4 1.249706324
3.6 1.24969599
3.8 1.249685455
4 1.249674711
4.2 1.249663749
4.4 1.24965256
4.6 1.249641135
4.8 1.249629462
5 1.249617532
5.2 1.24960533
5.4 1.249592846
5.6 1.249580065
5.8 1.249566972
6 1.249553552
6.2 1.249539787
6.4 1.24952566
6.6 1.249511149
6.8 1.249496234
7 1.249480891
7.2 1.249465094
7.4 1.249448816
7.6 1.249432025
7.8 1.249414688
8 1.249396768
8.2 1.249378224
8.4 1.24935901
8.6 1.249339077
8.8 1.249318367
9 1.249296818
9.2 1.249274358
9.4 1.249250907
9.6 1.249226373
9.8 1.249200651
10 1.24917362
10.2 1.249145139
10.4 1.249115045
10.6 1.249083145
10.8 1.249049207
11 1.249012956
11.2 1.248974054
11.4 1.248932087
11.6 1.248886532
11.8 1.248836725
12 1.248781799
12.2 1.248720591
12.4 1.248651497
12.6 1.248572215
12.8 1.248479268
13 1.248367052
13.2 1.248225657
13.4 1.248034957
13.6 1.247743102
13.8 1.247119235
14 1.043654119
14.2 0.4403813791
14.4 -0.2675685107
14.6 -0.3340739977
14.8 -0.3517240598
15 -0.3623398169
15.2 -0.3699836477
15.4 -0.3759762704
15.6 -0.3809148861
15.8 -0.3851210363
16 -0.3887879637
16.2 -0.392040996
16.4 -0.3949661034
16.6 -0.3976248544
16.8 -0.4000628755
17 -0.4023149317
17.2 -0.40440813
17.4 -0.4063640208
17.6 -0.408200024
17.8 -0.4099304243
18 -0.4115670829
18.2 -0.4131199584
18.4 -0.4145974941
18.6 -0.4160069114
18.8 -0.4173544358
19 -0.4186454722
19.2 -0.4198847435
19.4 -0.4210764014
19.6 -0.4222241147
19.8 -0.423331142
20 -0.4244003907
20.2 -0.4254344658
20.4 -0.4264357107
20.6 -0.427406241
20.8 -0.4283479734
21 -0.4292626496
21.2 -0.4301518574
21.4 -0.4310170482
21.6 -0.4318595522
21.8 -0.4326805917
22 -0.4334812921
22.2 -0.4342626924
22.4 -0.4350257536
22.6 -0.4357713664
22.8 -0.4365003577
23 -0.4372134969
23.2 -0.4379115009
23.4 -0.4385950387
23.6 -0.439264736
23.8 -0.4399211783
24 -0.4405649148
24.2 -0.4411964608
24.4 -0.441816301
24.6 -0.4424248916
24.8 -0.4430226624
25 -0.4436100189
25.2 -0.4441873443
25.4 -0.4447550007
25.6 -0.4453133311
25.8 -0.4458626602
26 -0.4464032962
26.2 -0.4469355315
26.4 -0.447459644
26.6 -0.4479758979
26.8 -0.4484845446
27 -0.4489858238
27.2 -0.4494799636
27.4 -0.4499671821
27.6 -0.450447687
27.8 -0.4509216771
28 -0.4513893423
28.2 -0.4518508643
28.4 -0.4523064169
28.6 -0.4527561668
28.8 -0.4532002737
29 -0.4536388906
29.2 -0.4540721646
29.4 -0.4545002367
29.6 -0.4549232423
29.8 -0.4553413119
30 -0.4557545707
30.2 -0.4561631391
30.4 -0.4565671333
30.6 -0.4569666649
30.8 -0.4573618417
31 -0.4577527674
31.2 -0.458139542
31.4 -0.4585222623
31.6 -0.4589010214
31.8 -0.4592759092
32 -0.4596470129
32.2 -0.4600144163
32.4 -0.4603782008
32.6 -0.4607384449
32.8 -0.4610952246
33 -0.4614486136
33.2 -0.461798683
33.4 -0.4621455018
33.6 -0.462489137
33.8 -0.4628296533
34 -0.4631671134
34.2 -0.4635015784
34.4 -0.4638331074
34.6 -0.4641617576
34.8 -0.4644875847
35 -0.4648106429
35.2 -0.4651309845
35.4 -0.4654486607
35.6 -0.4657637209
35.8 -0.4660762134
36 -0.4663861851
36.2 -0.4666936814
36.4 -0.4669987467
36.6 -0.4673014242
36.8 -0.4676017559
37 -0.4678997826
37.2 -0.4681955441
37.4 -0.4684890792
37.6 -0.4687804257
37.8 -0.4690696205
38 -0.4693566992
38.2 -0.4696416971
38.4 -0.4699246481
38.6 -0.4702055856
38.8 -0.4704845419
39 -0.4707615488
39.2 -0.4710366371
39.4 -0.4713098371
39.6 -0.4715811781
39.8 -0.471850689
40 -0.4721183978
