# x y  (written by maestro2tex)
0 0.0003740511663
0.02 0.0003740514892
0.06 0.0003740515186
0.1029792619 0.0003740515229
0.1514896309 0.0003740515036
0.2 0.0003740514725
0.2000080507 0.0003820171072
0.2000140288 0.0003879497052
0.2000259851 0.0003995147409
0.2000434312 0.0004155736707
0.2000783233 0.000444578448
0.2001481077 0.0004905675642
0.2002717201 0.0005411301094
0.2004147951 0.0005676586291
0.2005571075 0.0005756186947
0.2007137715 0.0005754371744
0.200899394 0.0005714968606
0.2011427268 0.0005652031797
0.2015121027 0.0005549952252
0.2021363282 0.0005345311897
0.2026626937 0.0005137196537
0.2031289097 0.0004930287634
0.2036012849 0.0004705795081
0.2041140476 0.0004441379047
0.2047556498 0.0004031535432
0.2057223622 0.0003246530267
0.2065487211 0.0002931131124
0.2071642716 0.0003036721653
0.2076438959 0.0003139105933
0.2081296276 0.0003200190846
0.2087708306 0.0003229984104
0.2093854153 0.0003234170384
0.21 0.0003234910042
0.2100851366 0.0003182767351
0.2101768199 0.0003144219147
0.2103023401 0.0003117420104
0.2105533804 0.000310746598
0.210911986 0.0003125985493
0.2113770331 0.0003157107715
0.2119783049 0.000318826618
0.2127936128 0.0003213953378
0.2139884047 0.0003229616389
0.2154127634 0.0003230216485
0.2167684997 0.0003222601954
0.2182570931 0.0003211865248
0.220025475 0.0003200031425
0.2223374869 0.0003188154059
0.2259250004 0.0003176888698
0.2331000274 0.0003171140614
0.2419422479 0.0003182553963
0.2519986849 0.0003209078994
0.2639355906 0.0003249774496
0.2787409396 0.0003306887337
0.2985366173 0.0003389875902
0.3022115605 0.0003406060288
0.309561447 0.0003438999767
0.3242612198 0.0003507442293
0.327936163 0.000352508469
0.3352860495 0.0003561147434
0.3499858223 0.0003636460267
0.3536607655 0.0003655960611
0.3610106519 0.0003695919872
0.3757104248 0.0003779720841
0.380372545 0.0003807417451
0.3896967854 0.0003864599461
0.4083452662 0.0003986438797
0.4138384881 0.0004024325308
0.424824932 0.0004103121754
0.4310443649 0.0004149569843
0.4434832305 0.000424674444
0.4511103367 0.0004309307188
0.466364549 0.0004441822026
0.4757099256 0.0004528237957
0.4944006789 0.0004714333936
0.5057860532 0.0004837229475
0.5194408645 0.0004995277947
0.532895669 0.0005163591962
0.5476091741 0.0005363677551
0.5632154859 0.00055966255
0.5798498743 0.0005871914821
0.5974616225 0.0006198832463
0.616126011 0.0006592633491
0.6358938851 0.0007074282289
0.656850585 0.0007675356356
0.6758362128 0.0008321814622
0.6995615059 0.0009309238609
0.7210558502 0.001043703865
0.7423352958 0.001186164778
0.7619097866 0.00135587518
0.7769785568 0.001522283035
0.7902224205 0.0017042068
0.809123934 0.002047061344
0.8267561948 0.002500835932
0.8410186564 0.003017820572
0.8528741904 0.003605552031
0.8629586933 0.004272624309
0.8716837652 0.00502624333
0.8793929891 0.005879587745
0.88633786 0.006849453884
0.8927021119 0.007956051268
0.8986262308 0.009224151238
0.9042203881 0.01068403506
0.9095742514 0.01237300206
0.9147641442 0.01433752563
0.9198586039 0.01663633189
0.9249241175 0.01934537005
0.9300331712 0.02256691055
0.9352790273 0.02644867604
0.9408088669 0.03123047529
0.9469174432 0.03738349607
0.9544634792 0.04624312787
0.9615565977 0.05574203259
0.9694028077 0.0673684033
0.9765291402 0.078758707
0.9836633064 0.09078788644
0.9914362705 0.1044519501
1.000194127 0.120389759
1.010360728 0.1394471405
1.02233118 0.1624682048
1.03652169 0.1903670025
1.053440378 0.2242546033
1.066141647 0.2500378788
1.081712769 0.2819335669
1.098835635 0.3172711949
1.119207436 0.3595592991
1.137339858 0.3973517661
1.173604701 0.4731302494
1.201109662 0.530665542
1.229008469 0.5889910821
1.263961776 0.6619222279
1.305167286 0.747601815
1.354868132 0.8504216547
1.418217884 0.9805379321
1.49470513 1.136116743
1.577772439 1.303059283
1.665954534 1.477764075
1.744034149 1.630028153
1.808409532 1.753625961
1.875704921 1.880714084
1.932629016 1.986386173
1.974310217 2.062631273
2.019851281 2.144761006
2.082224363 2.25498618
2.110650154 2.304210168
2.136204062 2.347652442
2.145843739 2.363755155
2.165123091 2.394840771
2.169766519 2.402033299
2.179053374 2.41580607
2.197627085 2.43976166
2.2019708 2.444617986
2.210658232 2.453366806
2.228033095 2.467162497
2.232137377 2.469736902
2.240345943 2.474228548
2.256763073 2.481135237
2.261241802 2.482590963
2.270199259 2.485105688
2.288114172 2.488994704
2.294984051 2.490147334
2.308723807 2.492073048
2.316529239 2.492979046
2.332140103 2.494491291
2.340022987 2.495123373
2.355788755 2.496184748
2.364496333 2.496669467
2.381911489 2.497469983
2.392156806 2.497849568
2.404490323 2.498233368
2.416798079 2.498549709
2.43055883 2.498838541
2.445680364 2.49909179
2.462731394 2.499313511
2.482203936 2.499503138
2.504943113 2.499661347
2.524891195 2.499758482
2.564787359 2.499881627
2.595911055 2.499933655
2.627828243 2.499963548
2.669459443 2.499983849
2.723275925 2.499995069
2.796460043 2.499999636
2.90158611 2.50000021
3.020745115 2.499999465
3.148127535 2.499999022
3.285121567 2.499998984
3.431080141 2.499999123
3.58622022 2.499999286
3.752259494 2.499999426
3.931365542 2.499999541
4.126276689 2.499999638
4.326276689 2.499999714
4.526276689 2.499999773
4.726276689 2.499999818
4.926276689 2.499999853
5.126276689 2.499999879
5.326276689 2.499999899
5.526276689 2.499999915
5.726276689 2.499999926
5.926276689 2.499999935
6.126276689 2.499999942
6.326276689 2.499999947
6.526276689 2.49999995
6.726276689 2.499999953
6.926276689 2.499999956
7.126276689 2.499999957
7.326276689 2.499999958
7.526276689 2.499999959
7.726276689 2.49999996
7.926276689 2.499999961
8.126276689 2.499999961
8.326276689 2.499999961
8.526276689 2.499999962
8.726276689 2.499999962
8.926276689 2.499999962
9.126276689 2.499999962
9.326276689 2.499999962
9.526276689 2.499999962
9.726276689 2.499999962
9.926276689 2.499999962
10.06813834 2.499999962
10.21 2.499999962
10.21000977 2.499999791
10.2100293 2.499999451
10.21006836 2.499998771
10.21012855 2.499997699
10.21024894 2.499995416
10.2104897 2.499990243
10.21097124 2.499977748
10.21153083 2.499960224
10.21220302 2.499935786
10.21306872 2.499900251
10.21421227 2.499847817
10.21450863 2.499833209
10.2150108 2.499811516
10.2155194 2.4998145
10.21587776 2.499845027
10.21627135 2.499914114
10.21665226 2.500018558
10.21702809 2.500155683
10.21739434 2.500317766
10.21780894 2.500530583
10.21834326 2.500843694
10.21914435 2.501377175
10.22 2.502008608
10.22011238 2.50209812
10.22022342 2.50218519
10.22037634 2.502302556
10.22068217 2.502529562
10.22102618 2.502773898
10.22139474 2.50302374
10.2218285 2.503302988
10.22234859 2.503618077
10.22299892 2.503984254
10.2238388 2.50441623
10.22496116 2.504931521
10.22652118 2.50555141
10.2289003 2.506333305
10.23178447 2.507089484
10.23511931 2.507782706
10.23903051 2.508428698
10.24365401 2.509034464
10.24919761 2.509603838
10.25590486 2.510128798
10.26404335 2.510590896
10.27390558 2.510966221
10.28580951 2.511226117
10.3001138 2.511310983
10.31723556 2.510970353
10.32190151 2.51075913
10.33123342 2.510021092
10.34989723 2.505818492
10.35280038 2.504752276
10.35860667 2.502014026
10.37021926 2.493175173
10.38577668 2.472143229
10.40432209 2.431847426
10.40682975 2.425127425
10.41184508 2.410876204
10.42187574 2.379800616
10.43841412 2.324292627
10.45509126 2.266681367
10.47279697 2.205656339
10.48074975 2.178356986
10.49665531 2.123684892
10.51214577 2.07011325
10.53179769 2.001666252
10.55242638 1.929387093
10.56946068 1.869448312
10.60352928 1.749001078
10.6344619 1.639090613
10.66060947 1.545889394
10.69039983 1.439516991
10.72319311 1.322326549
10.75788981 1.198355665
10.79758351 1.056729115
10.8426649 0.8963998234
10.88737383 0.7383006083
10.92823793 0.5949345696
10.96740131 0.4586997158
11.02376087 0.2648285639
11.03797352 0.2164485786
11.05295419 0.1658782631
11.05827703 0.1480653838
11.0689227 0.1129473081
11.07158412 0.1043182471
11.07690696 0.08743867013
11.08755263 0.05713080531
11.09990526 0.0325298364
11.11149682 0.0197234909
11.12587595 0.01202338779
11.13900807 0.008568979029
11.1529095 0.006378626844
11.1694923 0.004747929456
11.1845217 0.003807302976
11.20472564 0.002979267679
11.22170326 0.002510190835
11.2556585 0.001902172671
11.27500665 0.001671809815
11.29485705 0.001487502857
11.31450752 0.001342534497
11.3438658 0.001173875403
11.36471537 0.00107906068
11.38377767 0.001005644728
11.41311266 0.0009115940324
11.44110363 0.0008382464312
11.4679651 0.0007792501094
11.49520353 0.0007283022587
11.52172304 0.0006855570366
11.5464662 0.0006506464431
11.56927015 0.0006220144248
11.59006117 0.0005984355518
11.6088058 0.0005789753852
11.62367326 0.0005646198331
11.63743858 0.0005521000546
11.64963088 0.0005415819666
11.66089957 0.0005323042253
11.67132752 0.0005240746249
11.68123823 0.0005165523951
11.70105964 0.0005023219145
11.71425608 0.0004934094891
11.73084928 0.0004827898388
11.73919204 0.0004776830056
11.75587755 0.0004678848045
11.77533368 0.000457029272
11.78896475 0.0004496289986
11.79959952 0.0004438343236
11.80863137 0.0004387746958
11.81686889 0.0004338929397
11.82659432 0.0004274455067
11.83153672 0.0004237154618
11.83650498 0.0004196632399
11.84123752 0.0004156981227
11.84624432 0.0004116508415
11.85481919 0.0004054656102
11.86140807 0.0004013781736
11.86716457 0.0003981829925
11.87364711 0.0003948957647
11.88177171 0.0003911726129
11.89455943 0.0003861540325
11.90065851 0.0003841163985
11.91285667 0.000380641731
11.91936482 0.0003790883466
11.93238112 0.0003764938624
11.93981754 0.0003752847837
11.95469038 0.0003733351894
11.96369013 0.0003724174369
11.98168963 0.0003710221636
11.99324542 0.0003703810813
12.0074814 0.0003697960567
12.02264331 0.0003693612546
12.04053961 0.0003690298896
12.06177395 0.0003688145925
12.08031307 0.0003687375658
12.1173913 0.0003687542074
12.14759292 0.0003688690137
12.17973525 0.0003690394983
12.2235001 0.0003692992823
12.28428225 0.0003696638735
12.37611232 0.000370177985
12.54032883 0.0003709616452
12.74032883 0.0003717125002
12.94032883 0.0003722847006
13.14032883 0.0003727187165
13.34032883 0.000373047015
13.54032883 0.0003732948779
13.74032883 0.0003734817751
13.94032883 0.0003736225867
14.14032883 0.0003737286203
14.34032883 0.0003738084372
14.54032883 0.0003738685043
14.74032883 0.0003739137004
14.94032883 0.0003739477025
15.14032883 0.0003739732806
15.34032883 0.0003739925204
15.54032883 0.0003740069917
15.74032883 0.0003740178759
15.94032883 0.000374026062
16.14032883 0.0003740322186
16.34032883 0.0003740368488
16.54032883 0.000374040331
16.74032883 0.0003740429498
16.94032883 0.0003740449193
17.14032883 0.0003740464004
17.34032883 0.0003740475143
17.54032883 0.000374048352
17.74032883 0.0003740489819
17.94032883 0.0003740494557
18.14032883 0.000374049812
18.34032883 0.0003740500799
18.54032883 0.0003740502814
18.74032883 0.0003740504329
18.94032883 0.0003740505469
19.14032883 0.0003740506326
19.34032883 0.0003740506971
19.54032883 0.0003740507455
19.74032883 0.000374050782
19.87016442 0.0003740508005
20 0.0003740508158
