# x y  (written by maestro2tex)
-40 1.250785962
-39.8 1.25078339
-39.6 1.250780809
-39.4 1.250778219
-39.2 1.250775622
-39 1.250773015
-38.8 1.250770401
-38.6 1.250767777
-38.4 1.250765145
-38.2 1.250762504
-38 1.250759854
-37.8 1.250757195
-37.6 1.250754528
-37.4 1.250751851
-37.2 1.250749165
-37 1.25074647
-36.8 1.250743766
-36.6 1.250741052
-36.4 1.25073833
-36.2 1.250735597
-36 1.250732855
-35.8 1.250730104
-35.6 1.250727343
-35.4 1.250724572
-35.2 1.250721791
-35 1.250719
-34.8 1.2507162
-34.6 1.250713389
-34.4 1.250710568
-34.2 1.250707737
-34 1.250704896
-33.8 1.250702044
-33.6 1.250699182
-33.4 1.250696309
-33.2 1.250693426
-33 1.250690532
-32.8 1.250687627
-32.6 1.250684711
-32.4 1.250681784
-32.2 1.250678847
-32 1.250675898
-31.8 1.250672937
-31.6 1.250669966
-31.4 1.250666982
-31.2 1.250663988
-31 1.250660981
-30.8 1.250657963
-30.6 1.250654933
-30.4 1.250651892
-30.2 1.250648838
-30 1.250645771
-29.8 1.250642693
-29.6 1.250639602
-29.4 1.250636499
-29.2 1.250633383
-29 1.250630255
-28.8 1.250627113
-28.6 1.250623959
-28.4 1.250620791
-28.2 1.250617611
-28 1.250614417
-27.8 1.25061121
-27.6 1.250607989
-27.4 1.250604754
-27.2 1.250601506
-27 1.250598244
-26.8 1.250594968
-26.6 1.250591677
-26.4 1.250588372
-26.2 1.250585053
-26 1.250581719
-25.8 1.250578371
-25.6 1.250575007
-25.4 1.250571629
-25.2 1.250568235
-25 1.250564826
-24.8 1.250561401
-24.6 1.250557961
-24.4 1.250554506
-24.2 1.250551034
-24 1.250547546
-23.8 1.250544042
-23.6 1.250540521
-23.4 1.250536984
-23.2 1.25053343
-23 1.250529859
-22.8 1.250526271
-22.6 1.250522666
-22.4 1.250519043
-22.2 1.250515402
-22 1.250511744
-21.8 1.250508068
-21.6 1.250504373
-21.4 1.25050066
-21.2 1.250496928
-21 1.250493178
-20.8 1.250489408
-20.6 1.25048562
-20.4 1.250481811
-20.2 1.250477983
-20 1.250474136
-19.8 1.250470268
-19.6 1.250466379
-19.4 1.25046247
-19.2 1.250458541
-19 1.25045459
-18.8 1.250450618
-18.6 1.250446624
-18.4 1.250442608
-18.2 1.250438571
-18 1.250434511
-17.8 1.250430428
-17.6 1.250426323
-17.4 1.250422194
-17.2 1.250418042
-17 1.250413866
-16.8 1.250409667
-16.6 1.250405443
-16.4 1.250401194
-16.2 1.25039692
-16 1.250392621
-15.8 1.250388297
-15.6 1.250383946
-15.4 1.25037957
-15.2 1.250375167
-15 1.250370736
-14.8 1.250366279
-14.6 1.250361794
-14.4 1.250357281
-14.2 1.250352739
-14 1.250348169
-13.8 1.250343569
-13.6 1.25033894
-13.4 1.250334281
-13.2 1.250329592
-13 1.250324872
-12.8 1.25032012
-12.6 1.250315337
-12.4 1.250310521
-12.2 1.250305673
-12 1.250300792
-11.8 1.250295877
-11.6 1.250290929
-11.4 1.250285945
-11.2 1.250280927
-11 1.250275872
-10.8 1.250270782
-10.6 1.250265655
-10.4 1.25026049
-10.2 1.250255288
-10 1.250250047
-9.8 1.250244767
-9.6 1.250239447
-9.4 1.250234087
-9.2 1.250228686
-9 1.250223243
-8.8 1.250217758
-8.6 1.25021223
-8.4 1.250206658
-8.2 1.250201041
-8 1.250195379
-7.8 1.250189671
-7.6 1.250183916
-7.4 1.250178114
-7.2 1.250172262
-7 1.250166362
-6.8 1.250160411
-6.6 1.250154408
-6.4 1.250148354
-6.2 1.250142246
-6 1.250136085
-5.8 1.250129868
-5.6 1.250123595
-5.4 1.250117265
-5.2 1.250110876
-5 1.250104428
-4.8 1.250097919
-4.6 1.250091348
-4.4 1.250084714
-4.2 1.250078015
-4 1.250071251
-3.8 1.25006442
-3.6 1.25005752
-3.4 1.25005055
-3.2 1.250043508
-3 1.250036393
-2.8 1.250029204
-2.6 1.250021938
-2.4 1.250014594
-2.2 1.250007171
-2 1.249999666
-1.8 1.249992077
-1.6 1.249984402
-1.4 1.249976641
-1.2 1.249968789
-1 1.249960846
-0.8 1.249952808
-0.6 1.249944674
-0.4 1.249936441
-0.2 1.249928107
0 1.249919669
0.2 1.249911124
0.4 1.249902469
0.6 1.249893701
0.8 1.249884819
1 1.249875817
1.2 1.249866693
1.4 1.249857443
1.6 1.249848064
1.8 1.249838552
2 1.249828903
2.2 1.249819113
2.4 1.249809177
2.6 1.249799092
2.8 1.249788851
3 1.249778451
3.2 1.249767886
3.4 1.24975715
3.6 1.249746239
3.8 1.249735145
4 1.249723862
4.2 1.249712385
4.4 1.249700705
4.6 1.249688816
4.8 1.249676709
5 1.249664376
5.2 1.249651809
5.4 1.249638998
5.6 1.249625933
5.8 1.249612603
6 1.249598999
6.2 1.249585107
6.4 1.249570916
6.6 1.249556412
6.8 1.24954158
7 1.249526405
7.2 1.24951087
7.4 1.249494959
7.6 1.249478651
7.8 1.249461926
8 1.249444763
8.2 1.249427138
8.4 1.249409023
8.6 1.249390392
8.8 1.249371214
9 1.249351454
9.2 1.249331078
9.4 1.249310044
9.6 1.249288308
9.8 1.249265822
10 1.249242532
10.2 1.249218378
10.4 1.249193292
10.6 1.249167201
10.8 1.24914002
11 1.249111653
11.2 1.249081993
11.4 1.249050917
11.6 1.249018281
11.8 1.248983922
12 1.248947647
12.2 1.248909232
12.4 1.24886841
12.6 1.248824859
12.8 1.248778191
13 1.248727929
13.2 1.248673477
13.4 1.24861408
13.6 1.248548758
13.8 1.248476212
14 1.248394667
14.2 1.248301604
14.4 1.24819329
14.6 1.248063838
14.8 1.247903174
15 1.247691847
15.2 1.247384141
15.4 1.24682025
15.6 1.202721392
15.8 0.7227413773
16 0.1041904942
16.2 -0.2443911912
16.4 -0.2707367931
16.6 -0.2836639707
16.8 -0.2923444821
17 -0.2989096057
17.2 -0.3042028663
17.4 -0.3086453042
17.6 -0.3124777422
17.8 -0.3158509828
18 -0.3188657919
18.2 -0.3215928772
18.4 -0.3240837892
18.6 -0.3263772847
18.8 -0.3285032482
19 -0.3304852149
19.2 -0.3323420558
19.4 -0.334089137
19.6 -0.3357391399
19.8 -0.3373026544
20 -0.3387886158
20.2 -0.340204634
20.4 -0.3415572438
20.6 -0.3428520993
20.8 -0.3440941258
21 -0.34528764
21.2 -0.3464364472
21.4 -0.3475439188
21.6 -0.3486130565
21.8 -0.3496465442
22 -0.3506467919
22.2 -0.3516159715
22.4 -0.3525560476
22.6 -0.3534688029
22.8 -0.3543558602
23 -0.355218701
23.2 -0.3560586815
23.4 -0.3568770463
23.6 -0.3576749407
23.8 -0.3584534204
24 -0.3592134613
24.2 -0.3599559668
24.4 -0.3606817754
24.6 -0.3613916663
24.8 -0.3620863651
25 -0.3627665486
25.2 -0.3634328491
25.4 -0.3640858582
25.6 -0.3647261303
25.8 -0.3653541855
26 -0.3659705126
26.2 -0.3665755714
26.4 -0.367169795
26.6 -0.3677535919
26.8 -0.3683273477
27 -0.368891427
27.2 -0.3694461746
27.4 -0.3699919172
27.6 -0.3705289646
27.8 -0.3710576105
28 -0.3715781341
28.2 -0.3720908008
28.4 -0.3725958631
28.6 -0.3730935613
28.8 -0.3735841247
29 -0.3740677717
29.2 -0.3745447108
29.4 -0.3750151414
29.6 -0.3754792537
29.8 -0.37593723
30 -0.3763892444
30.2 -0.376835464
30.4 -0.3772760486
30.6 -0.3777111516
30.8 -0.3781409202
31 -0.3785654956
31.2 -0.3789850135
31.4 -0.3793996043
31.6 -0.3798093933
31.8 -0.3802145013
32 -0.3806150441
32.2 -0.3810111337
32.4 -0.3814028778
32.6 -0.38179038
32.8 -0.3821737406
33 -0.3825530561
33.2 -0.3829284197
33.4 -0.3832999214
33.6 -0.3836676481
33.8 -0.3840316838
34 -0.3843921097
34.2 -0.3847490043
34.4 -0.3851024437
34.6 -0.3854525012
34.8 -0.3857992481
35 -0.3861427533
35.2 -0.3864830837
35.4 -0.3868203038
35.6 -0.3871544765
35.8 -0.3874856626
36 -0.3878139212
36.2 -0.3881393094
36.4 -0.3884618829
36.6 -0.3887816957
36.8 -0.3890988001
37 -0.3894132471
37.2 -0.3897250863
37.4 -0.3900343656
37.6 -0.3903411319
37.8 -0.3906454307
38 -0.3909473061
38.2 -0.3912468014
38.4 -0.3915439583
38.6 -0.3918388177
38.8 -0.3921314192
39 -0.3924218017
39.2 -0.3927100028
39.4 -0.3929960592
39.6 -0.3932800067
39.8 -0.3935618802
40 -0.3938417138
