# x y  (written by maestro2tex)
1 160.7364924
1.122018454 158.5878261
1.258925412 156.2498237
1.412537545 153.7226366
1.584893192 151.0120401
1.77827941 148.1304888
1.995262315 145.0978196
2.238721139 141.9413717
2.511886432 138.6953357
2.818382931 135.399256
3.16227766 132.0957863
3.548133892 128.8279758
3.981071706 125.6364936
4.466835922 122.5572101
5.011872336 119.6194634
5.623413252 116.845161
6.309573445 114.24869
7.079457844 111.8374717
7.943282347 109.6129349
8.912509381 107.571686
10 105.7066969
11.22018454 104.0083906
12.58925412 102.465563
14.12537545 101.0661191
15.84893192 99.79763045
17.7827941 98.64773656
19.95262315 97.60441694
22.38721139 96.65616178
25.11886432 95.79206566
28.18382931 95.00186492
31.6227766 94.27593477
35.48133892 93.60525878
39.81071706 92.98137966
44.66835922 92.39633824
50.11872336 91.84260511
56.23413252 91.31300815
63.09573445 90.80065818
70.79457844 90.29887388
79.43282347 89.80110717
89.12509381 89.30086945
100 88.79165936
112.2018454 88.26689275
125.8925412 87.71983571
141.2537545 87.14354219
158.4893192 86.53079843
177.827941 85.8740773
199.5262315 85.16550758
223.8721139 84.39686468
251.1886432 83.55959221
281.8382931 82.644867
316.227766 81.64372372
354.8133892 80.54725991
398.1071706 79.34694614
446.6835922 78.03506905
501.1872336 76.60533546
562.3413252 75.05366004
630.9573445 73.37914499
707.9457844 71.5852331
794.3282347 69.68097333
891.2509381 67.68228286
1000 65.61302888
1122.018454 63.50570744
1258.925412 61.40148946
1412.537545 59.34946159
1584.893192 57.40501817
1778.27941 55.62753813
1995.262315 54.07765056
2238.721139 52.81449127
2511.886432 51.8933351
2818.382931 51.36386147
3162.27766 51.26912225
3548.133892 51.64509915
3981.071706 52.52061381
4466.835922 53.91730834
5011.872336 55.84943944
5623.413252 58.3233062
6309.573445 61.3362418
7079.457844 64.87522891
7943.282347 68.91533748
8912.509381 73.41831435
10000 78.33174771
11220.18454 83.58924621
12589.25412 89.1119748
14125.37545 94.81166765
15848.93192 100.594929
17782.7941 106.3683202
19952.62315 112.0435227
22387.21139 117.5418365
25118.86432 122.7974372
28183.82931 127.7591004
31622.7766 132.3904219
35481.33892 136.6688025
39810.71706 140.5835987
44668.35922 144.1338499
50118.72336 147.3259279
56234.13252 150.1713462
63095.73445 152.6848678
70794.57844 154.8829626
79432.82347 156.7826095
89125.09381 158.4004069
100000 159.7519374
112201.8454 160.8513322
125892.5412 161.7109821
141253.7545 162.3413527
158489.3192 162.7508701
177827.941 162.9458567
199526.2315 162.9305162
223872.1139 162.7069758
251188.6432 162.2754138
281838.2931 161.6343019
316227.766 160.7807942
354813.3892 159.7112853
398107.1706 158.4221523
446683.5922 156.9106805
501187.2336 155.1761629
562341.3252 153.2211359
630957.3445 151.0526831
707945.7844 148.6836839
794328.2347 146.1338319
891250.9381 143.4302031
1000000 140.6071565
1122018.454 137.7054121
1258925.412 134.7702899
1412537.545 131.8492735
1584893.192 128.9892281
1778279.41 126.2336943
1995262.315 123.6206502
2238721.139 121.1810045
2511886.432 118.9378933
2818382.931 116.9066861
3162277.66 115.0954882
3548133.892 113.5058891
3981071.706 112.133724
4466835.922 110.9696717
5011872.336 109.999578
5623413.252 109.2044629
6309573.445 108.5602392
7079457.844 108.0372342
7943282.347 107.599681
8912509.381 107.205406
10000000 106.805991
11220184.54 106.3476794
12589254.12 105.773227
14125375.45 105.0247297
15848931.92 104.0472319
17782794.1 102.7926826
19952623.15 101.2236332
22387211.39 99.31605056
25118864.32 97.06075412
28183829.31 94.4632654
31622776.6 91.54218769
35481338.92 88.32652191
39810717.06 84.85248471
44668359.22 81.16038893
50118723.36 77.29200299
56234132.52 73.28860194
63095734.45 69.18975131
70794578.44 65.03278084
79432823.47 60.85290083
89125093.81 56.68393
100000000 52.55957644
