# x y  (written by maestro2tex)
0 0.0004134944211
0.02 0.0004134944336
0.06 0.0004134944337
0.14 0.0004134944337
0.2 0.0004134944337
0.200008326 0.0004223730744
0.2000144513 0.0004289173476
0.2000267018 0.000441656547
0.2000442108 0.0004589423002
0.2000792287 0.0004900200069
0.2001492644 0.0005387572639
0.200267971 0.000589455761
0.2004038384 0.0006156174088
0.2005397199 0.0006234032575
0.2006894831 0.0006229819681
0.2008671311 0.0006186763828
0.201100032 0.0006118344049
0.201452476 0.0006007935511
0.2020469471 0.0005790125189
0.2025483317 0.0005572057384
0.2029919485 0.0005358665016
0.203440645 0.0005132684447
0.2039267908 0.0004879429917
0.2045385495 0.0004518087354
0.205595433 0.0003684634318
0.2062654187 0.0003311627783
0.2069036913 0.0003355031456
0.2074123398 0.000346872111
0.2078668457 0.0003540224669
0.208428107 0.0003579388404
0.2092299051 0.00035929967
0.21 0.0003597546701
0.2101283448 0.0003517603186
0.2102428914 0.0003474335676
0.2103864095 0.0003452290259
0.2106734457 0.0003455352628
0.2110523277 0.0003486496687
0.2115330032 0.0003525982957
0.2121395987 0.0003562076001
0.2130107011 0.000359207895
0.2141920008 0.0003608141542
0.2154205145 0.0003609067444
0.2166735452 0.0003602896431
0.2180803549 0.000359377295
0.2197806892 0.0003583596716
0.2220561028 0.0003573418987
0.2256658341 0.0003564353816
0.2328852968 0.0003562987629
0.241606626 0.0003579582685
0.2514648813 0.0003611762476
0.2631020668 0.0003659085095
0.2774135706 0.0003724311959
0.2963126059 0.0003817890226
0.2997345934 0.0003835669663
0.3065785683 0.0003872077691
0.3202665182 0.0003948107153
0.3243247245 0.0003971507134
0.332441137 0.0004019641651
0.3486739622 0.0004121474835
0.3536888784 0.0004154500737
0.3637187108 0.0004222988192
0.3695053323 0.0004264019591
0.3810785752 0.0004349631521
0.3881410975 0.0004404317395
0.402266142 0.000451968406
0.411002117 0.000459530583
0.428474067 0.0004757335412
0.4392620421 0.0004865213522
0.4522458031 0.0005003839196
0.4651180335 0.0005151677758
0.4791919018 0.0005326484405
0.4940023609 0.0005527083958
0.5097913642 0.0005762272427
0.5265205548 0.0006039101856
0.5442723808 0.000636920456
0.5630892792 0.0006767777701
0.5830390939 0.0007256933908
0.6039801099 0.0007862463215
0.6229798918 0.0008515445658
0.6463394204 0.0009496179384
0.6675310195 0.001061528093
0.688519382 0.001202602272
0.7079514985 0.001371455449
0.7229568355 0.001537479239
0.736147708 0.001719090546
0.7549520782 0.002061259221
0.7724663169 0.002514274559
0.7865862858 0.003030016633
0.7982787345 0.00361567219
0.8081852195 0.004279543817
0.8167177916 0.005028166736
0.8242199898 0.005873860328
0.8309439059 0.006832472565
0.8370729654 0.007922980515
0.842746505 0.009168517185
0.8480728921 0.01059718542
0.8531391447 0.01224330857
0.858017796 0.01414917587
0.8627719173 0.01636741574
0.8674597636 0.01896463085
0.8721405039 0.02202770282
0.8768836502 0.02567633557
0.8817881207 0.03009155017
0.8870285408 0.03559092868
0.8930067361 0.04288647423
0.9013678768 0.05482928095
0.910221033 0.0693529681
0.9168957917 0.08133659056
0.923388399 0.09365212526
0.9303739429 0.1074626933
0.9381940854 0.1234565682
0.9473497487 0.1427335656
0.9582125278 0.1661939858
0.9711644565 0.1947936974
0.9866731001 0.2296971186
1.005326778 0.2723527372
1.019952851 0.306182357
1.038024978 0.3483021269
1.058217135 0.3956473037
1.076147672 0.4378595159
1.112008746 0.522493422
1.139146564 0.5865966531
1.166168778 0.6503738166
1.199296083 0.7283782942
1.237336305 0.8175946767
1.281316152 0.920151665
1.334105729 1.042287498
1.397973534 1.188491746
1.468093832 1.346861215
1.541651201 1.510347468
1.610502388 1.660644599
1.668859749 1.78571845
1.725546801 1.90494187
1.764759207 1.986012341
1.798297635 2.054390847
1.835596268 2.129335041
1.889096988 2.234615359
1.919796662 2.293687302
1.947704751 2.346177097
1.95673846 2.36282214
1.974805876 2.394870941
1.979092976 2.402155748
1.987667177 2.416071646
2.004815579 2.440129281
2.008856216 2.445010643
2.01693749 2.453762411
2.033100039 2.467407898
2.03772495 2.470422097
2.046974772 2.475469698
2.065474416 2.482582534
2.069352069 2.483623281
2.077107374 2.485388336
2.092617986 2.488066731
2.112456154 2.490537017
2.118908927 2.491175379
2.131814472 2.492353169
2.137644649 2.492851353
2.149305002 2.493795526
2.155819191 2.494291247
2.168847569 2.495206515
2.175719569 2.49564646
2.18946357 2.496434803
2.197300888 2.496830379
2.212975524 2.497512234
2.222406184 2.49785696
2.241267503 2.498421854
2.253061003 2.49870081
2.26742261 2.498977435
2.2823053 2.499204229
2.299405214 2.499405353
2.318929564 2.499575499
2.341940926 2.499716641
2.362101688 2.499801542
2.383742481 2.499864711
2.409308771 2.499914349
2.439332414 2.499950427
2.475658012 2.499974953
2.521515924 2.499989962
2.582188072 2.499997462
2.668231482 2.499999813
2.770754704 2.499999495
2.881155282 2.499998933
2.998966832 2.49999876
3.123987151 2.499998856
3.256032466 2.499999036
3.396077791 2.49999921
3.545662235 2.499999358
3.706684512 2.499999483
3.881628494 2.499999589
4.07373701 2.499999679
4.27373701 2.49999975
4.47373701 2.499999803
4.67373701 2.499999843
4.87373701 2.499999872
5.07373701 2.499999893
5.27373701 2.499999909
5.47373701 2.499999921
5.67373701 2.49999993
5.87373701 2.499999936
6.07373701 2.499999941
6.27373701 2.499999944
6.47373701 2.499999947
6.67373701 2.499999948
6.87373701 2.49999995
7.07373701 2.499999951
7.27373701 2.499999951
7.47373701 2.499999952
7.67373701 2.499999952
7.87373701 2.499999953
8.07373701 2.499999953
8.27373701 2.499999953
8.47373701 2.499999953
8.67373701 2.499999953
8.87373701 2.499999953
9.07373701 2.499999953
9.27373701 2.499999953
9.47373701 2.499999953
9.67373701 2.499999953
9.87373701 2.499999953
10.07373701 2.499999953
10.21 2.499999953
10.21000977 2.499999713
10.2100293 2.499999235
10.21006836 2.49999828
10.21012303 2.499996924
10.21023238 2.499994076
10.21045107 2.499987782
10.21087684 2.49997346
10.21136867 2.49995404
10.21195398 2.499927654
10.21270504 2.499889714
10.21375572 2.49983085
10.21419084 2.499804538
10.21494035 2.499760624
10.21528358 2.499748116
10.21563182 2.499752763
10.21598791 2.499785571
10.21642277 2.499868496
10.21686547 2.500000955
10.21721993 2.500138774
10.21758901 2.500307604
10.21803412 2.500540508
10.21865582 2.500909706
10.21932791 2.501353091
10.22 2.501829753
10.2200996 2.501906619
10.22019927 2.501982366
10.22033159 2.502080907
10.22059623 2.502272175
10.22092804 2.502502642
10.22127851 2.502735912
10.22169051 2.502997867
10.22218308 2.503294839
10.22279447 2.50364076
10.223581 2.504052323
10.22462975 2.504549711
10.22608662 2.505158725
10.2283088 2.505943132
10.23111689 2.506746512
10.23435401 2.507484217
10.23813866 2.508166479
10.24259653 2.508795488
10.24791161 2.509371244
10.25431211 2.509885322
10.26204922 2.510319532
10.27140171 2.510647177
10.28267439 2.510819373
10.29620336 2.510682066
10.31236503 2.509568362
10.33156985 2.504485423
10.3343404 2.503295472
10.33988148 2.500210139
10.35096366 2.490145608
10.36400015 2.46989227
10.38101959 2.428624427
10.39928018 2.368706678
10.41686813 2.302870614
10.43240435 2.24348613
10.44823602 2.183676846
10.46752515 2.11113233
10.47719779 2.074592968
10.49654309 2.000823248
10.50993383 1.949326648
10.5278938 1.879918956
10.56381373 1.740288586
10.59043545 1.636220717
10.61487855 1.540356089
10.64248184 1.431881916
10.67166513 1.317082355
10.70388986 1.190319597
10.74034348 1.047105445
10.78085343 0.8884570089
10.82078709 0.732947437
10.85718199 0.5923442026
10.89139233 0.46133042
10.94328587 0.2648675222
10.95672854 0.2145240952
10.96916637 0.1683275477
10.97439185 0.1490881853
10.98484282 0.1112481496
10.98745556 0.1019847941
10.99268104 0.08398748292
11.00313201 0.05283085561
11.01396022 0.03127142682
11.02507129 0.01921455242
11.03950795 0.0117107035
11.05146936 0.008581098867
11.06482026 0.006402947848
11.08090312 0.004769584416
11.09398133 0.003913527662
11.12013777 0.002846022276
11.13970953 0.002357215011
11.15712138 0.002043655146
11.17537217 0.001794039035
11.19402903 0.001596459692
11.21973323 0.001388039322
11.23871009 0.001267391962
11.2604538 0.00115377361
11.28252903 0.001058779098
11.30620441 0.0009741544554
11.33231853 0.0008965985299
11.36016723 0.0008278383103
11.38854684 0.0007691638849
11.41664274 0.0007199223473
11.44391682 0.0006788226694
11.46948443 0.0006451726242
11.49289431 0.000617808686
11.51406399 0.00059547941
11.53300259 0.0005771951619
11.54747955 0.0005641779584
11.56087376 0.0005528061375
11.57256719 0.0005433649927
11.58332806 0.0005350487289
11.59321503 0.0005277004132
11.61298897 0.000513762123
11.62214051 0.0005076095624
11.63673647 0.0004980977909
11.64936978 0.0004900437034
11.65894619 0.0004839274688
11.66755222 0.0004782876227
11.67604494 0.0004723853961
11.68064587 0.0004689349216
11.68715718 0.0004636533064
11.6925508 0.0004589919303
11.6973494 0.0004548097145
11.702853 0.0004502320307
11.71265319 0.0004430204504
11.71954315 0.000438669807
11.72576404 0.0004351506326
11.73298444 0.0004314542485
11.74237074 0.0004272125399
11.75779652 0.000421510057
11.76397059 0.0004196509451
11.77631873 0.0004165285405
11.78297875 0.0004151389556
11.79629878 0.0004128534546
11.80410622 0.0004117825008
11.8197211 0.0004100990582
11.82936579 0.0004093182451
11.84865516 0.0004081840279
11.86139289 0.0004076855001
11.87725033 0.0004072651441
11.89457322 0.0004069897942
11.91553554 0.0004068326676
11.9338704 0.0004068054452
11.97054012 0.0004069180896
12.00030312 0.0004071063172
12.03196399 0.0004073504244
12.0751149 0.0004077040437
12.13509242 0.0004081876696
12.22579523 0.0004088594966
12.38812147 0.0004098693134
12.58812147 0.0004108279955
12.78812147 0.0004115395053
12.98812147 0.0004120640359
13.18812147 0.0004124491985
13.38812147 0.0004127312972
13.58812147 0.000412937566
13.78812147 0.0004130882284
13.98812147 0.0004131982004
14.18812147 0.0004132784359
14.38812147 0.0004133369579
14.58812147 0.0004133796337
14.78812147 0.0004134107494
14.98812147 0.000413433434
15.18812147 0.0004134499708
15.38812147 0.0004134620253
15.58812147 0.000413470812
15.78812147 0.0004134772166
15.98812147 0.0004134818848
16.18812147 0.0004134852874
16.38812147 0.0004134877674
16.58812147 0.000413489575
16.78812147 0.0004134908924
16.98812147 0.0004134918527
17.18812147 0.0004134925525
17.38812147 0.0004134930626
17.58812147 0.0004134934344
17.78812147 0.0004134937054
17.98812147 0.0004134939029
18.18812147 0.0004134940468
18.38812147 0.0004134941517
18.58812147 0.0004134942282
18.78812147 0.0004134942839
18.98812147 0.0004134943246
19.18812147 0.0004134943542
19.38812147 0.0004134943757
19.58812147 0.0004134943915
19.78812147 0.0004134944029
19.89406073 0.0004134944076
20 0.0004134944115
