# x y  (written by maestro2tex)
0 0.0004385937037
0.02 0.0004385938844
0.06 0.0004385938982
0.1155290087 0.0004385938963
0.2 0.0004385938701
0.2000083677 0.0004470796605
0.2000145152 0.0004533395195
0.2000268101 0.0004655799089
0.2000447217 0.0004826412611
0.2000805449 0.0005137544939
0.2001521912 0.0005639997971
0.2002784923 0.000620850631
0.2004329153 0.0006537784988
0.2005822048 0.000664003118
0.2007436783 0.0006644022376
0.2009321468 0.0006600968888
0.2011733949 0.0006528229014
0.2015261059 0.000641237036
0.2021400953 0.0006177459236
0.202665303 0.0005938845574
0.2031323217 0.0005702141166
0.2036067537 0.0005445505678
0.2041226806 0.000514457237
0.2047697217 0.0004685563708
0.2057733641 0.0003811499431
0.2064014367 0.0003509620466
0.2069758286 0.0003553988588
0.2074886396 0.0003659584997
0.2079728911 0.0003733524007
0.2085785161 0.0003776044779
0.2092892581 0.0003788088678
0.21 0.0003792020737
0.2101279277 0.0003711505741
0.2102388613 0.0003666412548
0.2103754357 0.000364006938
0.2106485846 0.0003635226114
0.2110363511 0.000366388478
0.2115275431 0.0003705946651
0.2121554986 0.0003746730597
0.2130391108 0.0003780630601
0.21425019 0.0003799685128
0.2155760891 0.0003801512568
0.2169039224 0.000379460229
0.2183816733 0.0003784166499
0.2201518706 0.0003772548867
0.2224864001 0.0003761130576
0.2261071673 0.0003751316546
0.2333487015 0.0003750224332
0.2421497635 0.000376898345
0.2521549352 0.0003805038391
0.2640302082 0.0003858106385
0.2787492794 0.0003931733176
0.2984146748 0.0004038644508
0.302058132 0.0004059468602
0.3093450466 0.0004101941711
0.3239188756 0.0004190465807
0.3275623328 0.0004213347973
0.3348492473 0.0004260186305
0.3494230764 0.0004358293537
0.3530665336 0.0004383766231
0.3603534481 0.0004436027107
0.3749272771 0.0004545933179
0.3795592186 0.0004582428616
0.3888231016 0.0004657911958
0.4073508675 0.0004819403562
0.4130145014 0.000487174097
0.4243417692 0.000498104716
0.4308169543 0.0005046421495
0.4437673243 0.0005183979873
0.4517405747 0.0005273482005
0.4676870755 0.0005464584303
0.4774637115 0.0005590423411
0.4970169836 0.000586446727
0.5089247671 0.0006047694888
0.5232048441 0.0006286025065
0.5372647274 0.0006543015024
0.552632056 0.000685293085
0.568909446 0.0007219558014
0.5862103223 0.000766037568
0.6045287754 0.0008196418246
0.6239530923 0.0008861083898
0.644580239 0.0009705036401
0.6632693429 0.001062923719
0.6852969824 0.001198125701
0.7058665718 0.001359978746
0.7237049003 0.001539940923
0.7378393966 0.001719070382
0.750183582 0.001911551802
0.7680824533 0.002275279126
0.7849476825 0.002754945518
0.7986770688 0.003298716229
0.8101506282 0.00391469401
0.8199572331 0.004612295955
0.8284779471 0.005399420613
0.8360344568 0.006290117104
0.8428635991 0.007302136939
0.8491393794 0.008456778513
0.8549954597 0.009780073201
0.8605369469 0.01130374054
0.8658495163 0.01306671414
0.871006068 0.01511729345
0.8760718487 0.01751616338
0.881109723 0.02034120766
0.8861876172 0.02369627689
0.8913922876 0.02772964913
0.8968600597 0.03267895971
0.9028617835 0.0390034613
0.9101610595 0.04795739654
0.9173715914 0.0580628433
0.9253047237 0.07040736044
0.9323696772 0.08228202968
0.9394163601 0.09477813209
0.9470810556 0.1089473827
0.9557134814 0.1254657488
0.9657473288 0.1452409268
0.9775765039 0.1691589894
0.9916134177 0.198174646
1.008359322 0.2334435047
1.020927181 0.2602719683
1.036322183 0.2934357859
1.053218849 0.3301100018
1.073257461 0.3738595631
1.091096249 0.4129653645
1.126773826 0.4913752981
1.153622804 0.5504395162
1.180576211 0.6096904315
1.213924016 0.6828385528
1.252625121 0.7674098556
1.298328936 0.8667403912
1.354981588 0.988936318
1.424328192 1.13698354
1.499512907 1.295459706
1.57891067 1.460335347
1.654716118 1.615126924
1.719120094 1.744382879
1.780251315 1.864931525
1.823734742 1.949319994
1.860900583 2.020500301
1.901712049 2.097599913
1.962205657 2.209647558
2.000726534 2.279424825
2.025395074 2.323294024
2.039508004 2.347986977
2.046856993 2.360679616
2.061554971 2.385414329
2.065621982 2.392064678
2.073756003 2.404950189
2.090024045 2.428210858
2.094875569 2.434415317
2.104578616 2.445601816
2.12398471 2.463023772
2.128836234 2.466391254
2.138539281 2.472115406
2.157945375 2.480420784
2.16164844 2.481575155
2.169054569 2.483598186
2.183866829 2.486835771
2.189477118 2.487827187
2.200697697 2.489555698
2.208345347 2.490576853
2.223640647 2.492341378
2.231432313 2.493116053
2.247015645 2.494463871
2.254688453 2.495037009
2.270034067 2.496030688
2.278491165 2.49649822
2.295405361 2.497288931
2.305324008 2.497671969
2.325161302 2.498294092
2.337450063 2.498596184
2.352415044 2.498894966
2.367883781 2.499139052
2.385641564 2.49935543
2.405888657 2.499538538
2.423700006 2.499656523
2.459322705 2.499814272
2.486315827 2.49988477
2.513280449 2.499928433
2.547399315 2.499961211
2.589413162 2.499982349
2.642905043 2.4999941
2.716137358 2.499999129
2.818346499 2.499999916
2.932898438 2.499999247
3.054900459 2.499998818
3.185419002 2.499998786
3.323768241 2.49999894
3.470157061 2.499999126
3.62608184 2.49999929
3.793398856 2.499999428
3.974439989 2.499999544
4.172305065 2.499999642
4.372305065 2.499999719
4.572305065 2.499999777
4.772305065 2.499999822
4.972305065 2.499999856
5.172305065 2.499999881
5.372305065 2.4999999
5.572305065 2.499999915
5.772305065 2.499999926
5.972305065 2.499999934
6.172305065 2.49999994
6.372305065 2.499999945
6.572305065 2.499999949
6.772305065 2.499999951
6.972305065 2.499999953
7.172305065 2.499999955
7.372305065 2.499999956
7.572305065 2.499999957
7.772305065 2.499999957
7.972305065 2.499999958
8.172305065 2.499999958
8.372305065 2.499999958
8.572305065 2.499999959
8.772305065 2.499999959
8.972305065 2.499999959
9.172305065 2.499999959
9.372305065 2.499999959
9.572305065 2.499999959
9.772305065 2.499999959
9.972305065 2.499999959
10.09115253 2.499999959
10.21 2.499999959
10.21000977 2.499999748
10.2100293 2.499999329
10.21006836 2.49999849
10.21012445 2.499997265
10.21023664 2.499994677
10.21046101 2.499988874
10.21090976 2.499975003
10.2114392 2.499955348
10.21206967 2.499928172
10.21287633 2.499888802
10.21395514 2.499829948
10.2143107 2.499808957
10.21492466 2.499773906
10.21529255 2.499760818
10.21566109 2.499766585
10.21602552 2.499800767
10.21648012 2.499889185
10.21694622 2.500032772
10.21731596 2.50018159
10.21769981 2.500364033
10.21816019 2.500614947
10.21879799 2.501009855
10.219399 2.501421696
10.22 2.501862648
10.22009418 2.501937228
10.22018856 2.502010989
10.22031225 2.502106
10.22055963 2.502291147
10.22089266 2.502531414
10.22124072 2.502772368
10.22164795 2.503041871
10.22213281 2.503346242
10.22272905 2.503697558
10.22348784 2.504111225
10.22448321 2.504603808
10.22583135 2.505194399
10.22779894 2.505930559
10.23058491 2.506782788
10.23378855 2.507564649
10.23752241 2.5082905
10.24192135 2.50896925
10.2471505 2.509602604
10.25344748 2.510186791
10.26106944 2.510705449
10.27029914 2.511135404
10.28144664 2.511449557
10.29485596 2.511601952
10.31092186 2.511426415
10.33009581 2.510098252
10.33320554 2.509721805
10.339425 2.508678794
10.35186392 2.504684558
10.37163045 2.488874059
10.38994158 2.458806022
10.40790269 2.413014123
10.42771242 2.34761546
10.4304338 2.337618517
10.43587655 2.317460129
10.44676206 2.277355597
10.46194633 2.222130799
10.48183055 2.150133644
10.49255493 2.111160022
10.5140037 2.032525984
10.53214856 1.965421436
10.55582969 1.877292178
10.57567018 1.803062124
10.61535116 1.653734168
10.64579079 1.538594286
10.67327518 1.43436087
10.70426945 1.316664458
10.73768544 1.189738917
10.77505759 1.047933634
10.81626141 0.8920441542
10.85661328 0.7401933868
10.89359869 0.6020366991
10.93023246 0.4662735729
10.98088388 0.2805061095
10.99696655 0.2221368417
11.00952273 0.1769369535
11.0158292 0.1544256309
11.02844213 0.1102378553
11.03159536 0.09946968389
11.03790183 0.07879270658
11.05051476 0.04534833573
11.06158888 0.02731743606
11.07389847 0.01678772004
11.08775078 0.01101874561
11.10046162 0.008151919313
11.11489987 0.006115548085
11.13286791 0.004559915248
11.1469502 0.003776334104
11.17511479 0.002784917682
11.19762748 0.002297798644
11.21781286 0.00198621972
11.23366281 0.001796024031
11.25208948 0.001617319986
11.27450659 0.001443975665
11.29326416 0.001326234224
11.31745702 0.001201283998
11.3405397 0.001103488552
11.36426529 0.001019456917
11.38965156 0.0009438195064
11.41532162 0.0008790620503
11.44007394 0.0008254692386
11.46344376 0.0007813257852
11.48514813 0.0007449840109
11.50500774 0.0007150617753
11.52115283 0.0006927754325
11.5360152 0.0006736947467
11.54916514 0.0006578509566
11.56120821 0.0006441241968
11.57223774 0.0006321608827
11.58256419 0.0006214518886
11.59243037 0.0006116372509
11.61216272 0.0005931384347
11.62810161 0.0005792094899
11.64047096 0.0005689720521
11.64913209 0.0005620793467
11.66645435 0.0005488997418
11.68332465 0.0005366887672
11.69564497 0.0005279937934
11.7056946 0.0005208961888
11.71436924 0.0005146275666
11.72263227 0.0005083377283
11.72853989 0.000503467193
11.73561397 0.0004970319878
11.74089244 0.0004918402855
11.74552283 0.0004872256304
11.75069683 0.0004823153736
11.75964552 0.0004748397933
11.76611996 0.000470221411
11.77190248 0.0004665278153
11.77851672 0.0004626743792
11.78695983 0.000458255521
11.80085774 0.0004521242277
11.80696615 0.000449867202
11.81918297 0.0004460362933
11.82575202 0.0004443178476
11.83889011 0.0004414595005
11.8464776 0.0004401199074
11.86165259 0.0004379734765
11.87091772 0.0004369624507
11.88944797 0.0004354406919
11.90147965 0.0004347437886
11.91636074 0.0004341156988
11.93236322 0.0004336554824
11.95142523 0.0004333148626
11.9743426 0.0004331078968
11.9943076 0.0004330508262
12.03423759 0.0004331164198
12.06758163 0.0004332755094
12.10388044 0.0004334952528
12.1547225 0.0004338227968
12.22900234 0.000434286429
12.35099912 0.0004349643885
12.55099912 0.0004358623714
12.75099912 0.0004365439376
12.95099912 0.0004370579535
13.15099912 0.0004374443345
13.35099912 0.0004377341307
13.55099912 0.0004379511564
13.75099912 0.0004381135265
13.95099912 0.0004382349309
14.15099912 0.0004383256695
14.35099912 0.0004383934701
14.55099912 0.0004384441217
14.75099912 0.0004384819567
14.95099912 0.0004385102153
15.15099912 0.0004385313198
15.35099912 0.0004385470807
15.55099912 0.0004385588503
15.75099912 0.0004385676393
15.95099912 0.0004385742023
16.15099912 0.0004385791029
16.35099912 0.0004385827623
16.55099912 0.0004385854948
16.75099912 0.0004385875351
16.95099912 0.0004385890586
17.15099912 0.0004385901962
17.35099912 0.0004385910456
17.55099912 0.0004385916798
17.75099912 0.0004385921534
17.95099912 0.000438592507
18.15099912 0.0004385927711
18.35099912 0.0004385929682
18.55099912 0.0004385931154
18.75099912 0.0004385932254
18.95099912 0.0004385933074
19.15099912 0.0004385933687
19.35099912 0.0004385934145
19.55099912 0.0004385934486
19.75099912 0.0004385934742
19.87549956 0.0004385934865
20 0.0004385934968
