# x y  (written by maestro2tex)
0 25.94708338
1 33.84182015
2 41.93640466
3 49.83045178
4 58.12796394
5 66.02203677
6 74.11596288
7 82.00936075
8 90.5100795
9 98.40418568
10 106.4981466
11 114.3915789
12 122.6884379
13 130.5818825
14 138.6751574
15 146.5679134
16 155.2690703
17 163.1631822
18 171.2571491
19 179.1505876
20 187.4474531
21 195.3409041
22 203.434186
23 211.3269488
24 219.8269762
25 227.7204334
26 235.8137217
27 243.7064911
28 252.0026457
29 259.8954129
30 267.9879858
31 275.8800497
32 284.7727898
33 292.6667439
34 300.7605465
35 308.6538221
36 316.9505136
37 324.8437964
38 332.9369028
39 340.8294919
40 349.3293289
41 357.2226062
42 365.315707
43 373.2082905
44 381.5042462
45 389.3968209
46 397.4891931
47 405.3810579
48 414.0812199
49 421.9744175
50 430.0674354
51 437.9599368
52 446.255805
53 454.1482951
54 462.2405793
55 470.1323569
56 478.6313095
57 486.5237554
58 494.6159936
59 502.5077258
60 510.8027758
61 518.6944782
62 526.7859453
63 534.6769166
64 544.3539189
65 552.1820229
66 560.2776405
67 568.1042563
68 576.4725347
69 584.2992478
70 592.3934065
71 600.2185916
72 608.8590869
73 616.6859308
74 624.7802278
75 632.6055497
76 640.9724252
77 648.7978075
78 656.8905701
79 664.7143858
80 673.619362
81 681.4462487
82 689.5405901
83 697.3659547
84 705.732875
85 713.5582985
86 721.6511022
87 729.4749558
88 738.1139544
89 745.9394172
90 754.0322587
91 761.8561453
92 770.2214529
93 778.0453355
94 786.1365103
95 793.9587527
96 803.103022
97 810.9293375
98 819.0230751
99 826.8478436
100 835.2141131
101 843.0389155
102 851.1310646
103 858.9542741
104 867.5925491
105 875.417346
106 883.5094894
107 891.3326932
108 899.6972635
109 907.5204514
110 915.6109045
111 923.4324481
112 932.3347898
113 940.1593181
114 948.2511772
115 956.0740997
116 964.4383621
117 972.2612554
118 980.351397
119 988.1726329
120 996.80869
121 1004.631442
122 1012.721435
123 1020.542523
124 1028.904791
125 1036.725788
126 1044.813935
127 1052.63321
128 1063.250762
129 1070.92422
130 1079.009314
131 1086.680958
132 1095.194084
133 1102.865231
134 1110.948098
135 1118.617824
136 1127.568418
137 1135.239236
138 1143.32179
139 1150.991251
140 1159.50221
141 1167.171631
142 1175.252901
143 1182.921317
144 1192.318938
145 1199.990161
146 1208.07314
147 1215.742999
148 1224.254387
149 1231.924182
150 1240.005831
151 1247.67459
152 1256.624273
153 1264.294486
154 1272.376566
155 1280.045722
156 1288.556495
157 1296.225874
158 1304.307219
159 1311.975809
160 1321.836377
161 1329.509042
162 1337.593441
163 1345.264554
164 1353.777229
165 1361.44809
166 1369.530771
167 1377.200426
168 1386.151057
169 1393.822002
170 1401.904778
171 1409.574527
172 1418.085887
173 1425.755736
174 1433.837519
175 1441.506476
176 1450.904824
177 1458.576688
178 1466.660381
179 1474.330952
180 1482.843166
181 1490.513732
182 1498.596218
183 1506.265791
184 1515.216447
185 1522.887509
186 1530.970497
187 1538.640525
188 1547.152276
189 1554.822543
190 1562.904831
191 1570.57432
192 1580.923904
193 1588.628484
194 1596.711028
195 1604.416407
196 1612.891983
197 1620.597396
198 1628.680809
199 1636.387011
200 1645.264999
201 1652.970436
202 1661.053873
203 1668.760098
204 1677.236601
205 1684.94285
206 1693.027135
207 1700.734164
208 1710.022251
209 1717.727689
210 1725.811127
211 1733.517352
212 1741.993855
213 1749.700105
214 1757.784391
215 1765.49142
216 1774.370357
217 1782.076611
218 1790.1609
219 1797.867933
220 1806.345319
221 1814.052367
222 1822.137485
223 1829.845303
224 1839.552697
225 1847.258072
226 1855.341444
227 1863.047608
228 1871.524044
229 1879.230234
230 1887.314456
231 1895.021426
232 1903.900295
233 1911.60649
234 1919.690719
235 1927.397695
236 1935.875018
237 1943.58201
238 1951.667069
239 1959.374832
240 1968.663799
241 1976.369962
242 1984.454157
243 1992.1611
244 2000.638388
245 2008.345348
246 2016.430374
247 2024.138105
248 2033.017846
249 2040.724794
250 2048.809808
251 2056.517528
252 2064.995665
253 2072.703393
254 2080.789219
255 2088.49771
256 2098.563015
257 2106.310369
258 2114.395452
259 2122.143377
260 2130.578189
261 2138.326134
262 2146.411829
263 2154.160339
264 2162.952403
265 2170.700361
266 2178.78607
267 2186.534592
268 2194.970051
269 2202.718588
270 2210.804898
271 2218.553993
272 2227.709649
273 2235.457605
274 2243.543312
275 2251.291832
276 2259.727289
277 2267.475823
278 2275.56213
279 2283.311222
280 2292.103943
281 2299.852476
282 2307.938782
283 2315.687873
284 2324.123947
285 2331.873044
286 2339.959935
287 2347.709584
288 2357.236695
289 2364.984585
290 2373.070217
291 2380.818661
292 2389.254028
293 2397.002471
294 2405.088674
295 2412.837658
296 2421.630241
297 2429.378639
298 2437.464788
299 2445.21371
300 2453.649577
301 2461.398459
302 2469.485097
303 2477.234471
304 2486.390402
305 2494.13854
306 2502.224379
307 2509.972962
308 2518.408406
309 2526.156842
310 2534.242945
311 2541.991731
312 2550.783953
313 2558.531891
314 2566.617397
315 2574.365525
316 2582.800298
317 2590.547932
318 2598.632981
319 2606.380517
