# x y  (written by maestro2tex)
0 19.64825203
1 25.44532321
2 31.44000949
3 37.23658794
4 43.43342484
5 49.23001284
6 55.22419532
7 61.02028257
8 67.42068301
9 73.21728618
10 79.21148454
11 85.00758734
12 91.20391152
13 97.0000159
14 102.9936942
15 108.7892898
16 115.3919407
17 121.1885443
18 127.1827432
19 132.9788465
20 139.1751713
21 144.9712763
22 150.9649552
23 156.7605516
24 163.1604054
25 168.9565093
26 174.9501871
27 180.7457824
28 186.9415596
29 192.7371479
30 198.7302882
31 204.5253593
32 211.3247211
33 217.1212415
34 223.1153533
35 228.9113715
36 235.1076042
37 240.903622
38 246.8972097
39 252.6927168
40 259.0924708
41 264.8884832
42 270.8820653
43 276.6775669
44 282.8732426
45 288.6687349
46 294.6617747
47 300.4567474
48 307.058682
49 312.8546507
50 318.8481872
51 324.6436443
52 330.8392719
53 336.6347187
54 342.6277108
55 348.4226369
56 354.8217437
57 360.6171646
58 366.6101297
59 372.4050294
60 378.600056
61 384.3949356
62 390.3873361
63 396.1816853
64 403.6009022
65 409.3544497
66 415.348788
67 421.1014503
68 427.3432258
69 433.0959128
70 439.089349
71 444.8411371
72 451.3321104
73 457.0848366
74 463.0783144
75 468.8301432
76 475.0710054
77 480.8228426
78 486.8153849
79 492.5663069
80 499.3035479
81 505.0562813
82 511.0497667
83 516.801603
84 523.0424737
85 528.794319
86 534.7868699
87 540.5378005
88 547.0277964
89 552.779648
90 558.7722058
91 564.5231433
92 570.7630288
93 576.5139571
94 582.5055432
95 588.2555386
96 595.2277456
97 600.9802783
98 606.9735512
99 612.7251802
100 618.9658221
101 624.7174528
102 630.7097765
103 636.4604852
104 642.9502263
105 648.701848
106 654.6941622
107 660.4448618
108 666.6844847
109 672.4351665
110 678.4264914
111 684.1762318
112 690.9120714
113 696.6635935
114 702.6558023
115 708.4063991
116 714.6459088
117 720.3964845
118 726.387697
119 732.1373278
120 738.6258384
121 744.3763571
122 750.3675094
123 756.1170815
124 762.3554669
125 768.1049952
126 774.0951046
127 779.8436653
128 787.8436293
129 793.5114596
130 799.5048675
131 805.1708018
132 811.5018733
133 817.1678118
134 823.1591848
135 828.8231626
136 835.4946236
137 841.1605592
138 847.1519188
139 852.8158732
140 859.1446801
141 864.8085442
142 870.7976731
143 876.4594804
144 883.4651968
145 889.1309827
146 895.1221724
147 900.7859552
148 907.1145577
149 912.7782278
150 918.7671402
151 924.4287328
152 931.0973093
153 936.7607321
154 942.749371
155 948.4106942
156 954.7364936
157 960.3976078
158 966.3837704
159 972.0427211
160 979.3691387
161 985.0347983
162 991.02589
163 996.6896162
164 1003.0182
165 1008.681895
166 1014.67088
167 1020.332587
168 1027.001357
169 1032.664998
170 1038.653922
171 1044.315567
172 1050.64179
173 1056.303341
174 1062.290025
175 1067.949526
176 1074.952397
177 1080.615894
178 1086.604678
179 1092.266204
180 1098.592309
181 1104.253769
182 1110.240375
183 1115.899818
184 1122.565909
185 1128.227262
186 1134.213759
187 1139.873105
188 1146.196753
189 1151.855998
190 1157.840246
191 1163.497447
192 1172.006189
193 1177.582134
194 1183.561825
195 1189.137946
196 1195.544283
197 1201.120337
198 1207.100193
199 1212.676512
200 1219.522875
201 1225.098895
202 1231.078722
203 1236.655017
204 1243.061608
205 1248.637926
206 1254.618107
207 1260.194765
208 1267.490867
209 1273.066979
210 1279.046897
211 1284.623273
212 1291.029952
213 1296.60634
214 1302.586593
215 1308.163314
216 1315.010207
217 1320.586689
218 1326.567036
219 1332.143838
220 1338.551037
221 1344.127902
222 1350.108689
223 1355.685926
224 1363.442344
225 1369.018693
226 1374.998845
227 1380.575418
228 1386.982302
229 1392.558851
230 1398.53926
231 1404.11611
232 1410.963146
233 1416.539729
234 1422.520172
235 1428.097053
236 1434.50433
237 1440.081255
238 1446.062096
239 1451.639375
240 1458.936301
241 1464.513048
242 1470.493653
243 1476.070673
244 1482.478096
245 1488.055136
246 1494.03609
247 1499.613466
248 1506.461167
249 1512.038306
250 1518.01936
251 1523.596823
252 1530.004779
253 1535.582304
254 1541.563799
255 1547.141695
256 1555.3974
257 1561.009309
258 1566.991057
259 1572.603541
260 1578.974443
261 1584.586954
262 1590.56934
263 1596.18242
264 1602.953848
265 1608.566376
266 1614.548781
267 1620.161879
268 1626.533474
269 1632.146594
270 1638.129626
271 1643.743309
272 1650.923327
273 1656.535859
274 1662.518267
275 1668.131367
276 1674.502967
277 1680.116089
278 1686.099124
279 1691.712811
280 1698.484967
281 1704.098096
282 1710.081139
283 1715.694832
284 1722.067102
285 1727.680812
286 1733.664471
287 1739.27874
288 1746.875579
289 1752.488077
290 1758.470449
291 1764.083516
292 1770.455077
293 1776.068166
294 1782.051167
295 1787.66482
296 1794.436937
297 1800.050034
298 1806.033043
299 1811.646704
300 1818.018938
301 1823.632616
302 1829.616242
303 1835.23048
304 1842.411205
305 1848.024286
306 1854.007278
307 1859.620923
308 1865.993139
309 1871.606802
310 1877.590411
311 1883.204634
312 1889.977434
313 1895.591096
314 1901.574703
315 1907.188924
316 1913.56179
317 1919.176023
318 1925.160238
319 1930.775026
