# x y  (written by maestro2tex)
0 13.26343897
1 17.21955196
2 21.29829549
3 25.25422338
4 29.45826417
5 33.4141936
6 37.49274672
7 41.44848879
8 45.77886368
9 49.73479627
10 53.81335267
11 57.76909796
12 61.9729435
13 65.92868807
14 70.00704943
15 73.96260439
16 78.41912815
17 82.37506009
18 86.45361583
19 90.40936048
20 94.61320534
21 98.56894927
22 102.64731
23 106.6028643
24 110.9330324
25 114.8887748
26 118.967134
27 122.9226869
28 127.1263266
29 131.0818764
30 135.1600356
31 139.1153933
32 143.6963619
33 147.6522729
34 151.7308068
35 155.6865301
36 159.8903521
37 163.8460743
38 167.9244125
39 171.8799448
40 176.2100885
41 180.1658086
42 184.2441445
43 188.1996746
44 192.40329
45 196.3588166
46 200.4369518
47 204.392286
48 208.8485595
49 212.8042677
50 216.8825914
51 220.8381095
52 225.0417121
53 228.9972265
54 233.0753491
55 237.030671
56 241.360583
57 245.31609
58 249.3942048
59 253.3495191
60 257.5529037
61 261.5082118
62 265.5861202
63 269.5412332
64 274.4176507
65 278.3589233
66 282.4374582
67 286.3784517
68 290.5975697
69 294.5385662
70 298.6168135
71 302.5575272
72 306.9184564
73 310.8594588
74 314.9377122
75 318.8784319
76 323.097255
77 327.037974
78 331.1159322
79 335.0563648
80 339.558682
81 343.4996838
82 347.5779367
83 351.518656
84 355.7374785
85 359.678197
86 363.7561548
87 367.6965869
88 372.0572024
89 375.9979193
90 380.0758754
91 384.0163059
92 388.2348172
93 392.175243
94 396.2528959
95 400.1930314
96 404.8340867
97 408.7750522
98 412.8532672
99 416.7939494
100 421.0127319
101 424.9534127
102 429.0313311
103 432.9717248
104 437.3322973
105 441.272975
106 445.3508902
107 449.2912807
108 453.5097489
109 457.450134
110 461.5277443
111 465.4678383
112 469.9697657
113 473.9104239
114 477.9883186
115 481.9286893
116 486.147136
117 490.0875009
118 494.1650901
119 498.1051636
120 502.4653792
121 506.405732
122 510.4833086
123 514.4233698
124 518.6414828
125 522.5815339
126 526.658796
127 530.5985513
128 535.622691
129 539.5409976
130 543.6191801
131 547.5370459
132 551.7795795
133 555.6974515
134 559.7751781
135 563.6926027
136 568.1010295
137 572.0189135
138 576.0966528
139 580.0140896
140 584.2561552
141 588.1735917
142 592.2508616
143 596.1678441
144 600.7412384
145 604.6591226
146 608.7368621
147 612.6542992
148 616.896365
149 620.8138017
150 624.8910719
151 628.8080547
152 633.2159804
153 637.1334156
154 641.2106842
155 645.1276655
156 649.3692339
157 653.2862078
158 657.3629924
159 661.2795052
160 666.0132856
161 669.9310999
162 674.0087658
163 677.9261315
164 682.168119
165 686.0854826
166 690.1626758
167 694.0795838
168 698.4874243
169 702.4047829
170 706.4819709
171 710.3988738
172 714.6403563
173 718.5572499
174 722.63395
175 726.5503806
176 731.1231248
177 735.0404472
178 739.1175971
179 743.034463
180 747.275905
181 751.1927608
182 755.2694211
183 759.1858131
184 763.5930679
185 767.5099017
186 771.586539
187 775.5029086
188 779.7438088
189 783.6601601
190 787.7362912
191 791.6521706
192 796.9267358
193 800.8070956
194 804.8845983
195 808.7642034
196 813.0456286
197 816.9252465
198 821.0019621
199 824.8808114
200 829.3682952
201 833.2479381
202 837.3246799
203 841.2035542
204 845.4841646
205 849.3630368
206 853.4389609
207 857.3170495
208 862.0085378
209 865.8881785
210 869.9649177
211 873.843789
212 878.1243955
213 882.0032636
214 886.0791828
215 889.9572661
216 894.4438533
217 898.3227119
218 902.3986202
219 906.2766923
220 910.5564065
221 914.4344568
222 918.5095067
223 922.3867533
224 927.2736369
225 931.1531337
226 935.2297208
227 939.1084466
228 943.3888919
229 947.2676133
230 951.343378
231 955.221314
232 959.7077306
233 963.5864417
234 967.6621953
235 971.5401206
236 975.8196736
237 979.6975786
238 983.772477
239 987.6495807
240 992.3398658
241 996.2185019
242 1000.294176
243 1004.172025
244 1008.451493
245 1012.329321
246 1016.404137
247 1020.281163
248 1024.766515
249 1028.644298
250 1032.719066
251 1036.596045
252 1040.874544
253 1044.751485
254 1048.825361
255 1052.701483
256 1058.388307
257 1062.205029
258 1066.278809
259 1070.094454
260 1074.437646
261 1078.253149
262 1082.32564
263 1086.140091
264 1090.758174
265 1094.573528
266 1098.645859
267 1102.460159
268 1106.801838
269 1110.616027
270 1114.687137
271 1118.500314
272 1123.395191
273 1127.2105
274 1131.28279
275 1135.097057
276 1139.438705
277 1143.252874
278 1147.323969
279 1151.137138
280 1155.753708
281 1159.567844
282 1163.638912
283 1167.452062
284 1171.792474
285 1175.60559
286 1179.675596
287 1183.487778
288 1188.663144
289 1192.478922
290 1196.551721
291 1200.36647
292 1204.708672
293 1208.523333
294 1212.594954
295 1216.408617
296 1221.025783
297 1224.840411
298 1228.911999
299 1232.725633
300 1237.066589
301 1240.880175
302 1244.950674
303 1248.763311
304 1253.657537
305 1257.472373
306 1261.544191
307 1265.358046
308 1269.69926
309 1273.513079
310 1277.58383
311 1281.396706
312 1286.012956
313 1289.826858
314 1293.897703
315 1297.710671
316 1302.050904
317 1305.863887
318 1309.933775
319 1313.74587
