# x y  (written by maestro2tex)
0 13.57932434
1 17.35819453
2 21.33000914
3 25.10854587
4 29.28043814
5 33.05897399
6 37.03044646
7 40.80865592
8 45.18375321
9 48.96229275
10 52.93376912
11 56.71198232
12 60.88351536
13 64.66172401
14 68.63285068
15 72.41072935
16 76.98936055
17 80.7678984
18 84.739373
19 88.5175845
20 92.68911566
21 96.46732261
22 100.4384475
23 104.2163244
24 108.5910345
25 112.3692376
26 116.3403584
27 120.1182315
28 124.2893869
29 128.0672516
30 132.0380147
31 135.8155456
32 140.5950077
33 144.3735102
34 148.3449473
35 152.1231229
36 156.2946142
37 160.0727847
38 164.0438709
39 167.8217109
40 172.1963777
41 175.9745433
42 179.9456243
43 183.7234592
44 187.8945721
45 191.672398
46 195.64312
47 199.4206115
48 203.9987705
49 207.7769163
50 211.7479763
51 215.5257912
52 219.6968817
53 223.4746873
54 227.4453877
55 231.2228586
56 235.5970954
57 239.3748873
58 243.3455734
59 247.1230305
60 251.2937237
61 255.0711673
62 259.0414852
63 262.81859
64 268.092027
65 271.8455349
66 275.8164197
67 279.5694492
68 283.7667842
69 287.5198127
70 291.4901973
71 295.2427511
72 299.6704392
73 303.4234746
74 307.3938665
75 311.1464273
76 315.3432348
77 319.0957887
78 323.0656681
79 326.8177415
80 331.4759209
81 335.2289543
82 339.199344
83 342.9519028
84 347.148708
85 350.9012599
86 354.8711371
87 358.6232086
88 363.0503239
89 366.8028706
90 370.7727422
91 374.5248084
92 378.7210591
93 382.4731121
94 386.4424582
95 390.1940245
96 395.0784491
97 398.8314221
98 402.8017474
99 406.5542447
100 410.7509805
101 414.5034697
102 418.47328
103 422.2252876
104 426.6523268
105 430.4048083
106 434.3746104
107 438.1266102
108 442.3227859
109 446.0747712
110 450.044045
111 453.7955423
112 458.4530011
113 462.2054499
114 466.175217
115 469.9271833
116 474.1233214
117 477.8752727
118 481.8445102
119 485.5959729
120 490.0223648
121 493.7742939
122 497.7435078
123 501.4949479
124 505.6904936
125 509.4419118
126 513.4105816
127 517.1615043
128 522.6900203
129 526.4055534
130 530.374865
131 534.0896784
132 538.3251878
133 542.0400013
134 546.0085384
135 549.7226217
136 554.2295425
137 557.9443712
138 561.9129247
139 565.6270235
140 569.8617121
141 573.5758003
142 577.543557
143 581.2569045
144 586.0348914
145 589.7497182
146 593.7182698
147 597.4323667
148 601.6670531
149 605.3811394
150 609.348894
151 613.0622394
152 617.5682578
153 621.2823368
154 625.2500835
155 628.9634215
156 633.1972358
157 636.9105512
158 640.877476
159 644.590039
160 649.6316306
161 653.3463382
162 657.3147609
163 661.0287358
164 665.2632815
165 668.9772429
166 672.9448625
167 676.6580803
168 681.1639418
169 684.87789
170 688.8454953
171 692.5586995
172 696.7923596
173 700.5055382
174 704.4723152
175 708.1847384
176 712.9615252
177 716.6754105
178 720.6429479
179 724.3560879
180 728.5896738
181 732.3027867
182 736.2694926
183 739.9818485
184 744.4866552
185 748.1997266
186 752.1663878
187 755.8787014
188 760.1113374
189 763.8236104
190 767.7894121
191 771.5009151
192 777.4534761
193 781.1076583
194 785.0737692
195 788.7267474
196 793.0238353
197 796.6767893
198 800.641555
199 804.2932831
200 808.9292831
201 812.5822319
202 816.5469897
203 820.1987083
204 824.4942978
205 828.1459637
206 832.1093163
207 835.759729
208 840.7338651
209 844.3867718
210 848.3514818
211 852.0031544
212 856.2986871
213 859.9503026
214 863.9135981
215 867.5639561
216 872.1981939
217 875.8497364
218 879.8129498
219 883.4632295
220 887.7571056
221 891.4072979
222 895.3690328
223 899.0179391
224 904.3202611
225 907.9730595
226 911.937659
227 915.5892368
228 919.8846673
229 923.5362042
230 927.4994234
231 931.1497201
232 935.783893
233 939.4353951
234 943.3985759
235 947.0488364
236 951.3427039
237 954.992901
238 958.9546547
239 962.6035909
240 967.5757098
241 971.2271325
242 975.1902295
243 978.8404153
244 983.1341981
245 986.7843263
246 990.7460084
247 994.394882
248 999.0272385
249 1002.677303
250 1006.638916
251 1010.287727
252 1014.579883
253 1018.22862
254 1022.188784
255 1025.836252
256 1032.281614
257 1035.858857
258 1039.814866
259 1043.391366
260 1047.756604
261 1051.332946
262 1055.287997
263 1058.863664
264 1063.6545
265 1067.230707
266 1071.185611
267 1074.761151
268 1079.125265
269 1082.700728
270 1086.654847
271 1090.229711
272 1095.455271
273 1099.031505
274 1102.986442
275 1106.562013
276 1110.926169
277 1114.501667
278 1118.455828
279 1122.030732
280 1126.820603
281 1130.396134
282 1134.350335
283 1137.925277
284 1142.288711
285 1145.863655
286 1149.817243
287 1153.391663
288 1159.060882
289 1162.637589
290 1166.593041
291 1170.169069
292 1174.53377
293 1178.109704
294 1182.064337
295 1185.639658
296 1190.430071
297 1194.005996
298 1197.960619
299 1201.535932
300 1205.899804
301 1209.475096
302 1213.429056
303 1217.003802
304 1222.229229
305 1225.8054
306 1229.760294
307 1233.335847
308 1237.70001
309 1241.275536
310 1245.229749
311 1248.80472
312 1253.594709
313 1257.170348
314 1261.124687
315 1264.699771
316 1269.063398
317 1272.638518
318 1276.592314
319 1280.166938
