# x y  (written by maestro2tex)
0 26.40656417
1 33.95801366
2 41.83469894
3 49.38506736
4 57.59640677
5 65.1468035
6 73.02237996
7 80.57167502
8 89.12052071
9 96.67096351
10 104.5465889
11 112.0959317
12 120.3061449
13 127.855496
14 135.7299714
15 143.2782009
16 152.1613827
17 159.7118329
18 167.5874662
19 175.1368171
20 183.3470394
21 190.8963992
22 198.7708841
23 206.3191231
24 214.8667614
25 222.4161275
26 230.2906194
27 237.8388655
28 246.0478746
29 253.5961081
30 261.4694068
31 269.0164979
32 278.2205567
33 285.7707648
34 293.6461416
35 301.1952424
36 309.4051882
37 316.9542894
38 324.8285
39 332.3764716
40 340.9238016
41 348.4728904
42 356.3470879
43 363.8950469
44 372.1037381
45 379.6516738
46 387.5246562
47 395.0714385
48 403.9528964
49 411.5018636
50 419.3759323
51 426.923766
52 435.1323187
53 442.680125
54 450.5529704
55 458.0996193
56 466.6454345
57 474.1931702
58 482.0659409
59 489.6125172
60 497.8196876
61 505.366209
62 513.2376998
63 520.7830363
64 531.2662926
65 538.7126229
66 546.588638
67 554.0326446
68 562.3544293
69 569.7985424
70 577.6721748
71 585.1138931
72 593.8849489
73 601.3292179
74 609.2030144
75 616.6448865
76 624.9642393
77 632.4061343
78 640.2773743
79 647.7167856
80 656.9271682
81 664.3714222
82 672.2451945
83 679.6870353
84 688.006342
85 695.4481851
86 703.3193581
87 710.7586936
88 719.5268635
89 726.9686141
90 734.8396734
91 742.2788855
92 750.5951756
93 758.0342475
94 765.9024112
95 773.3388256
96 782.9547775
97 790.3982724
98 798.2712422
99 805.7123266
100 814.030793
101 821.4718913
102 829.3422865
103 836.7808992
104 845.5482365
105 852.9893002
106 860.8596569
107 868.2982311
108 876.6138431
109 884.052344
110 891.9199451
111 899.3558715
112 908.5618787
113 916.0025487
114 923.8724848
115 931.3106582
116 939.625819
117 947.0639144
118 954.9310854
119 962.3666051
120 971.1302389
121 978.5681107
122 986.4350419
123 993.8703321
124 1002.182219
125 1009.617341
126 1017.481319
127 1024.913775
128 1036.573032
129 1043.826656
130 1051.68118
131 1058.933453
132 1067.427
133 1074.678812
134 1082.531561
135 1089.782366
136 1098.9368
137 1106.188287
138 1114.04071
139 1121.291236
140 1129.782969
141 1137.033426
142 1144.884902
143 1152.134704
144 1161.967326
145 1169.219133
146 1177.0719
147 1184.322742
148 1192.814838
149 1200.065598
150 1207.917395
151 1215.167484
152 1224.321233
153 1231.572339
154 1239.424504
155 1246.674927
156 1255.166696
157 1262.417308
158 1270.269074
159 1277.519249
160 1288.05436
161 1295.307577
162 1303.161791
163 1310.413893
164 1318.907377
165 1326.159247
166 1334.012169
167 1341.26323
168 1350.418114
169 1357.67005
170 1365.523049
171 1372.774184
172 1381.266717
173 1388.517928
174 1396.370287
175 1403.620963
176 1413.454853
177 1420.70765
178 1428.56154
179 1435.813459
180 1444.306864
181 1451.558778
182 1459.411857
183 1466.663161
184 1475.818477
185 1483.07085
186 1490.924409
187 1498.176139
188 1506.669457
189 1513.921407
190 1521.774635
191 1529.026172
192 1540.23641
193 1547.545739
194 1555.400296
195 1562.710885
196 1571.143285
197 1578.453944
198 1586.309924
199 1593.621832
200 1602.651887
201 1609.962594
202 1617.818624
203 1625.130578
204 1633.564545
205 1640.876556
206 1648.733982
207 1656.047229
208 1665.68978
209 1673.000496
210 1680.856536
211 1688.168498
212 1696.602475
213 1703.914494
214 1711.771929
215 1719.085183
216 1728.116894
217 1735.428932
218 1743.286387
219 1750.59966
220 1759.035141
221 1766.348457
222 1774.207278
223 1781.521816
224 1791.792804
225 1799.103427
226 1806.959367
227 1814.271237
228 1822.705108
229 1830.017035
230 1837.874371
231 1845.187534
232 1854.219131
233 1861.531079
234 1869.388436
235 1876.701619
236 1885.136996
237 1892.450222
238 1900.308947
239 1907.623396
240 1917.267524
241 1924.579427
242 1932.436736
243 1939.749874
244 1948.185198
245 1955.498377
246 1963.357052
247 1970.671454
248 1979.704573
249 1987.017743
250 1994.876407
251 2002.190799
252 2010.62756
253 2017.941979
254 2025.801977
255 2033.117603
256 2043.862458
257 2051.24069
258 2059.101014
259 2066.480175
260 2074.847865
261 2082.227067
262 2090.088422
263 2097.468544
264 2106.358914
265 2113.738132
266 2121.599501
267 2128.979636
268 2137.348423
269 2144.728584
270 2152.590952
271 2159.972018
272 2169.396511
273 2176.775659
274 2184.636945
275 2192.016993
276 2200.385669
277 2207.76572
278 2215.627958
279 2223.008888
280 2231.900201
281 2239.280172
282 2247.142314
283 2254.523142
284 2262.892676
285 2270.273455
286 2278.136439
287 2285.518036
288 2295.485548
289 2302.8637
290 2310.723817
291 2318.102654
292 2326.469809
293 2333.848375
294 2341.708865
295 2349.087982
296 2357.976863
297 2365.354589
298 2373.214084
299 2380.592165
300 2388.958239
301 2396.335631
302 2404.194621
303 2411.572069
304 2420.991243
305 2428.365613
306 2436.221152
307 2443.595119
308 2451.956011
309 2459.328328
310 2467.18133
311 2474.552556
312 2483.430701
313 2490.798377
314 2498.645909
315 2506.011451
316 2514.361609
317 2521.723308
318 2529.563686
319 2536.921698
