-32768
-32440
-32113
-31785
-31457
-31130
-30802
-30474
-30147
-29819
-29491
-29164
-28836
-28508
-28180
-27853
-27525
-27197
-26870
-26542
-26214
-25887
-25559
-25231
-24904
-24576
-24248
-23921
-23593
-23265
-22938
-22610
-22282
-21955
-21627
-21299
-20972
-20644
-20316
-19988
-19661
-19333
-19005
-18678
-18350
-18022
-17695
-17367
-17039
-16712
-16384
-16056
-15729
-15401
-15073
-14746
-14418
-14090
-13763
-13435
-13107
-12780
-12452
-12124
-11796
-11469
-11141
-10813
-10486
-10158
-9830
-9503
-9175
-8847
-8520
-8192
-7864
-7537
-7209
-6881
-6554
-6226
-5898
-5571
-5243
-4915
-4588
-4260
-3932
-3604
-3277
-2949
-2621
-2294
-1966
-1638
-1311
-983
-655
-328
0
328
655
983
1311
1638
1966
2294
2621
2949
3277
3604
3932
4260
4588
4915
5243
5571
5898
6226
6554
6881
7209
7537
7864
8192
8520
8847
9175
9503
9830
10158
10486
10813
11141
11469
11796
12124
12452
12780
13107
13435
13763
14090
14418
14746
15073
15401
15729
16056
16384
16712
17039
17367
17695
18022
18350
18678
19005
19333
19661
19988
20316
20644
20972
21299
21627
21955
22282
22610
22938
23265
23593
23921
24248
24576
24904
25231
25559
25887
26214
26542
26870
27197
27525
27853
28180
28508
28836
29164
29491
29819
30147
30474
30802
31130
31457
31785
32113
32440
32767
