0 R0 30.000 565.085 435.000 1250.085
1 R0 475.000 565.085 880.000 1250.085
2 R0 920.000 565.085 1325.000 1250.085
3 R0 1365.000 565.085 1770.000 1250.085
4 R0 1810.000 565.085 2215.000 1250.085
5 R0 2255.000 565.085 2660.000 1250.085
6 R0 30.000 1268.085 435.000 1953.085
7 R0 475.000 1268.085 880.000 1953.085
8 R0 920.000 1268.085 1325.000 1953.085
9 R0 1365.000 1268.085 1770.000 1953.085
10 R0 1810.000 1268.085 2215.000 1953.085
11 R0 2255.000 1268.085 2660.000 1953.085
12 R0 30.000 1971.085 435.000 2656.085
13 R0 475.000 1971.085 880.000 2656.085
14 R0 920.000 1971.085 1325.000 2656.085
15 R0 1365.000 1971.085 1770.000 2656.085
16 R0 1810.000 1971.085 2215.000 2656.085
17 R0 2255.000 1971.085 2660.000 2656.085
