0 R0 30.0 565.085 435.0 1250.085
1 R0 475.0 565.085 880.0 1250.085
2 R0 920.0 565.085 1325.0 1250.085
3 R0 1365.0 565.085 1770.0 1250.085
4 R0 1810.0 565.085 2215.0 1250.085
5 R0 2255.0 565.085 2660.0 1250.085
6 MX 30.0 1250.085 435.0 1935.085
7 MX 475.0 1250.085 880.0 1935.085
8 MX 920.0 1250.085 1325.0 1935.085
9 MX 1365.0 1250.085 1770.0 1935.085
10 MX 1810.0 1250.085 2215.0 1935.085
11 MX 2255.0 1250.085 2660.0 1935.085
12 R0 30.5 1972.085 435.5 2657.085
13 R0 475.5 1972.085 880.5 2657.085
14 R0 920.5 1972.085 1325.5 2657.085
15 R0 1365.5 1972.085 1770.5 2657.085
16 R0 1810.5 1972.085 2215.5 2657.085
17 R0 2255.5 1972.085 2660.5 2657.085
